# Strom: 7.62 A
# Magnetfeld: -599 mT
# Schnitt bei (663,461)
# Mittelung: 1 Pixel
# Magnetfeldsensor kalibriertPixel ; Red Value
1;1623
2;1712
3;1802
4;1899
5;1995
6;2046
7;2096
8;2045
9;1994
10;1873
11;1752
12;1613
13;1474
14;1387
15;1300
16;1228
17;1156
18;1126
19;1095
20;1074
21;1054
22;1044
23;1035
24;1041
25;1048
26;1058
27;1068
28;1122
29;1177
30;1224
31;1271
32;1412
33;1553
34;1643
35;1733
36;1808
37;1884
38;1927
39;1971
40;1927
41;1883
42;1848
43;1812
44;1796
45;1780
46;1737
47;1694
48;1721
49;1749
50;1869
51;1988
52;2175
53;2362
54;2610
55;2857
56;2971
57;3086
58;2979
59;2872
60;2648
61;2425
62;2234
63;2043
64;1930
65;1818
66;1772
67;1726
68;1757
69;1788
70;1857
71;1927
72;2037
73;2147
74;2211
75;2276
76;2286
77;2297
78;2154
79;2011
80;1899
81;1788
82;1689
83;1590
84;1484
85;1377
86;1341
87;1305
88;1253
89;1200
90;1172
91;1144
92;1137
93;1130
94;1129
95;1127
96;1130
97;1133
98;1150
99;1166
100;1211
101;1256
102;1288
103;1321
104;1413
105;1506
106;1623
107;1740
108;1831
109;1922
110;2008
111;2095
112;2165
113;2235
114;2250
115;2266
116;2222
117;2179
118;2133
119;2087
120;2034
121;1982
122;1940
123;1899
124;1888
125;1878
126;1925
127;1972
128;2104
129;2236
130;2405
131;2573
132;2843
133;3114
134;3249
135;3384
136;3392
137;3400
138;3254
139;3109
140;2913
141;2717
142;2500
143;2283
144;2140
145;1998
146;1946
147;1894
148;1854
149;1813
150;1840
151;1867
152;1926
153;1985
154;2056
155;2126
156;2192
157;2257
158;2284
159;2311
160;2308
161;2305
162;2224
163;2143
164;2051
165;1959
166;1873
167;1788
168;1679
169;1571
170;1503
171;1435
172;1375
173;1316
174;1284
175;1252
176;1224
177;1197
178;1179
179;1162
180;1165
181;1168
182;1135
183;1103
184;1095
185;1088
186;1108
187;1128
188;1152
189;1176
190;1185
191;1193
192;1229
193;1264
194;1309
195;1354
196;1389
197;1425
198;1476
199;1527
200;1596
201;1666
202;1770
203;1873
204;1956
205;2038
206;2089
207;2140
208;2137
209;2135
210;2153
211;2172
212;2148
213;2124
214;2109
215;2093
216;2056
217;2020
218;1977
219;1935
220;1898
221;1861
222;1828
223;1795
224;1821
225;1848
226;1863
227;1878
228;1910
229;1943
230;2035
231;2127
232;2258
233;2389
234;2560
235;2731
236;2883
237;3035
238;3176
239;3317
240;3393
241;3469
242;3469
243;3470
244;3399
245;3329
246;3187
247;3045
248;2918
249;2791
250;2604
251;2417
252;2347
253;2277
254;2181
255;2085
256;2047
257;2010
258;1968
259;1927
260;1935
261;1943
262;1916
263;1889
264;1942
265;1995
266;2058
267;2120
268;2196
269;2271
270;2297
271;2323
272;2381
273;2440
274;2482
275;2524
276;2562
277;2600
278;2581
279;2562
280;2518
281;2474
282;2436
283;2399
284;2332
285;2266
286;2219
287;2173
288;2081
289;1989
290;1936
291;1884
292;1812
293;1741
294;1686
295;1631
296;1587
297;1543
298;1494
299;1446
300;1412
301;1377
302;1370
303;1363
304;1336
305;1309
306;1288
307;1268
308;1263
309;1258
310;1219
311;1181
312;1186
313;1192
314;1178
315;1164
316;1173
317;1182
318;1170
319;1158
320;1166
321;1173
322;1148
323;1124
324;1140
325;1157
326;1152
327;1147
328;1153
329;1159
330;1166
331;1173
332;1180
333;1187
334;1188
335;1189
336;1208
337;1228
338;1247
339;1266
340;1261
341;1255
342;1279
343;1304
344;1296
345;1289
346;1331
347;1374
348;1406
349;1437
350;1432
351;1427
352;1478
353;1528
354;1546
355;1565
356;1592
357;1620
358;1665
359;1710
360;1739
361;1768
362;1803
363;1837
364;1858
365;1878
366;1892
367;1905
368;1940
369;1976
370;2019
371;2063
372;2085
373;2107
374;2100
375;2094
376;2117
377;2141
378;2167
379;2193
380;2199
381;2204
382;2207
383;2210
384;2223
385;2236
386;2236
387;2236
388;2245
389;2254
390;2260
391;2267
392;2233
393;2199
394;2202
395;2205
396;2201
397;2197
398;2212
399;2227
400;2187
401;2148
402;2156
403;2164
404;2155
405;2145
406;2132
407;2120
408;2132
409;2144
410;2131
411;2117
412;2104
413;2092
414;2075
415;2059
416;2083
417;2108
418;2100
419;2093
420;2087
421;2081
422;2080
423;2078
424;2084
425;2091
426;2094
427;2097
428;2074
429;2050
430;2052
431;2054
432;2068
433;2083
434;2085
435;2087
436;2076
437;2064
438;2048
439;2033
440;2033
441;2033
442;2038
443;2043
444;2034
445;2025
446;2029
447;2033
448;2043
449;2054
450;2034
451;2015
452;2022
453;2029
454;2026
455;2023
456;2024
457;2026
458;2014
459;2002
460;2010
461;2019
462;2014
463;2010
464;2025
465;2040
466;2033
467;2025
468;2018
469;2011
470;1992
471;1973
472;1993
473;2013
474;1996
475;1980
476;1985
477;1990
478;2012
479;2034
480;2009
481;1985
482;1992
483;2000
484;1972
485;1944
486;1955
487;1966
488;1973
489;1979
490;1964
491;1949
492;1936
493;1924
494;1967
495;2011
496;1997
497;1984
498;1955
499;1926
500;1943
501;1959
502;1980
503;2002
504;2000
505;1999
506;2006
507;2014
508;2016
509;2019
510;2022
511;2025
512;2062
513;2098
514;2063
515;2027
516;2036
517;2044
518;2041
519;2037
520;2072
521;2107
522;2102
523;2097
524;2105
525;2114
526;2103
527;2093
528;2132
529;2172
530;2164
531;2157
532;2149
533;2142
534;2147
535;2153
536;2170
537;2187
538;2192
539;2196
540;2185
541;2173
542;2203
543;2234
544;2211
545;2189
546;2169
547;2150
548;2141
549;2133
550;2161
551;2190
552;2155
553;2121
554;2117
555;2113
556;2112
557;2111
558;2057
559;2004
560;2017
561;2031
562;1981
563;1931
564;1908
565;1885
566;1888
567;1891
568;1842
569;1794
570;1749
571;1704
572;1692
573;1680
574;1660
575;1639
576;1611
577;1583
578;1566
579;1550
580;1503
581;1457
582;1433
583;1409
584;1406
585;1404
586;1375
587;1346
588;1338
589;1331
590;1311
591;1292
592;1281
593;1269
594;1283
595;1296
596;1293
597;1291
598;1268
599;1246
600;1237
601;1228
602;1238
603;1248
604;1253
605;1258
606;1251
607;1245
608;1252
609;1260
610;1258
611;1256
612;1263
613;1270
614;1291
615;1312
616;1334
617;1357
618;1346
619;1336
620;1375
621;1414
622;1421
623;1427
624;1448
625;1469
626;1506
627;1544
628;1580
629;1616
630;1657
631;1698
632;1734
633;1770
634;1836
635;1903
636;1954
637;2005
638;2098
639;2191
640;2231
641;2272
642;2322
643;2372
644;2398
645;2425
646;2442
647;2460
648;2462
649;2465
650;2471
651;2477
652;2439
653;2402
654;2382
655;2362
656;2301
657;2241
658;2187
659;2134
660;2129
661;2124
662;2095
663;2066
664;2050
665;2034
666;2030
667;2026
668;2062
669;2098
670;2155
671;2213
672;2250
673;2288
674;2347
675;2407
676;2488
677;2570
678;2659
679;2749
680;2845
681;2942
682;3027
683;3111
684;3142
685;3172
686;3180
687;3189
688;3098
689;3007
690;2920
691;2833
692;2713
693;2593
694;2473
695;2352
696;2265
697;2177
698;2108
699;2039
700;1995
701;1951
702;1926
703;1901
704;1888
705;1876
706;1896
707;1916
708;1938
709;1960
710;1976
711;1993
712;2009
713;2025
714;2057
715;2089
716;2102
717;2115
718;2108
719;2102
720;2049
721;1996
722;1991
723;1986
724;1916
725;1846
726;1783
727;1720
728;1663
729;1607
730;1533
731;1460
732;1435
733;1411
734;1377
735;1343
736;1314
737;1285
738;1280
739;1274
740;1268
741;1262
742;1239
743;1216
744;1223
745;1231
746;1267
747;1303
748;1332
749;1361
750;1395
751;1430
752;1495
753;1560
754;1604
755;1647
756;1714
757;1781
758;1874
759;1967
760;2037
761;2106
762;2170
763;2234
764;2298
765;2362
766;2436
767;2509
768;2510
769;2511
770;2521
771;2530
772;2463
773;2396
774;2364
775;2333
776;2300
777;2267
778;2256
779;2245
780;2282
781;2320
782;2390
783;2460
784;2536
785;2612
786;2782
787;2951
788;3041
789;3131
790;3236
791;3342
792;3332
793;3323
794;3183
795;3044
796;2840
797;2637
798;2476
799;2315
800;2211
801;2106
802;2061
803;2017
804;1993
805;1970
806;1994
807;2019
808;2027
809;2035
810;2073
811;2112
812;2108
813;2105
814;2095
815;2085
816;2056
817;2026
818;1950
819;1875
820;1804
821;1733
822;1635
823;1537
824;1478
825;1419
826;1391
827;1364
828;1315
829;1266
830;1280
831;1294
832;1321
833;1347
834;1369
835;1391
836;1421
837;1451
838;1504
839;1557
840;1615
841;1673
842;1697
843;1721
844;1816
845;1911
846;1965
847;2019
848;2082
849;2145
850;2202
851;2259
852;2294
853;2329
854;2319
855;2308
856;2228
857;2148
858;2125
859;2102
860;2076
861;2051
862;2088
863;2126
864;2230
865;2335
866;2456
867;2577
868;2701
869;2825
870;2862
871;2900
872;2813
873;2726
874;2540
875;2354
876;2197
877;2040
878;1930
879;1820
880;1801
881;1782
882;1775
883;1768
884;1810
885;1853
886;1883
887;1912
888;1920
889;1927
890;1905
891;1882
892;1813
893;1745
894;1667
895;1589
896;1515
897;1442
898;1406
899;1371
900;1348
901;1325
902;1346
903;1367
904;1363
905;1358
906;1408
907;1458
908;1490
909;1521
910;1561
911;1600
912;1694
913;1788
914;1868
915;1949
916;2002
917;2055
918;2055
