# Strom: 6.79 A
# Magnetfeld: -577 mT
# Schnitt bei (663,461)
# Mittelung: 1 Pixel
# Magnetfeldsensor kalibriertPixel ; Red Value
1;1679
2;1492
3;1306
4;1216
5;1126
6;1092
7;1059
8;1029
9;1000
10;999
11;998
12;1038
13;1078
14;1147
15;1216
16;1366
17;1517
18;1640
19;1763
20;1814
21;1865
22;1856
23;1848
24;1804
25;1760
26;1776
27;1792
28;1989
29;2187
30;2482
31;2777
32;2759
33;2742
34;2501
35;2260
36;2038
37;1817
38;1788
39;1759
40;1850
41;1941
42;2054
43;2168
44;2074
45;1981
46;1812
47;1643
48;1468
49;1293
50;1209
51;1125
52;1098
53;1072
54;1039
55;1005
56;1031
57;1058
58;1049
59;1041
60;1110
61;1180
62;1287
63;1394
64;1581
65;1769
66;1842
67;1916
68;1923
69;1931
70;1886
71;1841
72;1817
73;1792
74;1856
75;1920
76;2147
77;2375
78;2658
79;2942
80;2919
81;2897
82;2606
83;2316
84;2104
85;1892
86;1825
87;1759
88;1837
89;1916
90;2062
91;2207
92;2213
93;2218
94;2023
95;1828
96;1664
97;1500
98;1373
99;1245
100;1183
101;1120
102;1102
103;1083
104;1064
105;1046
106;1053
107;1061
108;1061
109;1062
110;1127
111;1192
112;1297
113;1403
114;1540
115;1677
116;1810
117;1944
118;2007
119;2069
120;2032
121;1994
122;1959
123;1923
124;1846
125;1768
126;1894
127;2019
128;2268
129;2518
130;2771
131;3025
132;3034
133;3044
134;2797
135;2550
136;2290
137;2031
138;1938
139;1845
140;1902
141;1959
142;2056
143;2154
144;2248
145;2343
146;2268
147;2194
148;2030
149;1867
150;1706
151;1546
152;1438
153;1331
154;1244
155;1157
156;1146
157;1134
158;1090
159;1046
160;1085
161;1125
162;1116
163;1107
164;1130
165;1154
166;1225
167;1295
168;1401
169;1506
170;1641
171;1776
172;1900
173;2024
174;2079
175;2134
176;2128
177;2122
178;2066
179;2011
180;1948
181;1886
182;1906
183;1925
184;2061
185;2196
186;2476
187;2757
188;2983
189;3210
190;3182
191;3154
192;2904
193;2654
194;2428
195;2203
196;2059
197;1916
198;1897
199;1879
200;1987
201;2095
202;2205
203;2314
204;2354
205;2395
206;2286
207;2177
208;2013
209;1849
210;1707
211;1566
212;1466
213;1367
214;1288
215;1210
216;1190
217;1171
218;1146
219;1121
220;1108
221;1096
222;1104
223;1112
224;1116
225;1121
226;1159
227;1198
228;1250
229;1302
230;1372
231;1443
232;1543
233;1644
234;1790
235;1936
236;2035
237;2133
238;2131
239;2128
240;2157
241;2186
242;2106
243;2027
244;1967
245;1907
246;1896
247;1885
248;1978
249;2072
250;2277
251;2482
252;2731
253;2980
254;3151
255;3323
256;3317
257;3312
258;3096
259;2881
260;2631
261;2382
262;2218
263;2054
264;1991
265;1929
266;1927
267;1924
268;2027
269;2131
270;2257
271;2384
272;2421
273;2459
274;2412
275;2365
276;2227
277;2089
278;1971
279;1852
280;1750
281;1648
282;1542
283;1437
284;1383
285;1328
286;1281
287;1234
288;1209
289;1184
290;1179
291;1174
292;1172
293;1170
294;1162
295;1154
296;1165
297;1176
298;1212
299;1248
300;1265
301;1283
302;1336
303;1389
304;1455
305;1522
306;1620
307;1718
308;1818
309;1919
310;2031
311;2144
312;2188
313;2233
314;2240
315;2248
316;2235
317;2223
318;2187
319;2152
320;2081
321;2011
322;1995
323;1979
324;1972
325;1966
326;2056
327;2146
328;2324
329;2502
330;2714
331;2925
332;3176
333;3427
334;3462
335;3497
336;3405
337;3312
338;3133
339;2955
340;2740
341;2525
342;2360
343;2196
344;2124
345;2052
346;1990
347;1928
348;1969
349;2011
350;2087
351;2164
352;2255
353;2346
354;2424
355;2503
356;2524
357;2545
358;2519
359;2494
360;2383
361;2272
362;2116
363;1960
364;1863
365;1766
366;1677
367;1588
368;1523
369;1459
370;1414
371;1368
372;1331
373;1293
374;1269
375;1245
376;1224
377;1203
378;1199
379;1195
380;1162
381;1128
382;1142
383;1156
384;1159
385;1163
386;1167
387;1172
388;1163
389;1154
390;1191
391;1228
392;1264
393;1300
394;1324
395;1348
396;1399
397;1451
398;1517
399;1584
400;1656
401;1728
402;1821
403;1914
404;1986
405;2059
406;2121
407;2184
408;2229
409;2274
410;2275
411;2277
412;2286
413;2296
414;2260
415;2224
416;2174
417;2124
418;2104
419;2085
420;2074
421;2064
422;2041
423;2019
424;2028
425;2037
426;2050
427;2063
428;2135
429;2207
430;2323
431;2438
432;2565
433;2692
434;2900
435;3109
436;3236
437;3364
438;3482
439;3601
440;3614
441;3628
442;3573
443;3518
444;3398
445;3278
446;3123
447;2968
448;2827
449;2685
450;2577
451;2468
452;2360
453;2253
454;2182
455;2112
456;2058
457;2005
458;2009
459;2014
460;2041
461;2068
462;2084
463;2101
464;2150
465;2199
466;2260
467;2321
468;2402
469;2484
470;2514
471;2544
472;2588
473;2631
474;2640
475;2650
476;2575
477;2501
478;2453
479;2404
480;2363
481;2321
482;2250
483;2179
484;2099
485;2019
486;1927
487;1835
488;1788
489;1742
490;1693
491;1644
492;1601
493;1559
494;1505
495;1452
496;1411
497;1371
498;1345
499;1320
500;1301
501;1282
502;1269
503;1256
504;1256
505;1255
506;1240
507;1224
508;1227
509;1231
510;1209
511;1188
512;1183
513;1179
514;1165
515;1152
516;1168
517;1185
518;1171
519;1158
520;1163
521;1169
522;1162
523;1155
524;1147
525;1139
526;1146
527;1153
528;1164
529;1174
530;1185
531;1195
532;1182
533;1169
534;1184
535;1199
536;1212
537;1225
538;1221
539;1218
540;1240
541;1262
542;1242
543;1222
544;1276
545;1330
546;1338
547;1345
548;1354
549;1363
550;1404
551;1445
552;1472
553;1500
554;1534
555;1567
556;1585
557;1603
558;1636
559;1668
560;1691
561;1714
562;1747
563;1781
564;1833
565;1885
566;1910
567;1935
568;1954
569;1974
570;2043
571;2112
572;2125
573;2139
574;2157
575;2175
576;2177
577;2180
578;2225
579;2270
580;2262
581;2255
582;2288
583;2322
584;2350
585;2379
586;2357
587;2335
588;2334
589;2334
590;2348
591;2362
592;2372
593;2382
594;2376
595;2370
596;2338
597;2306
598;2326
599;2346
600;2321
601;2297
602;2332
603;2367
604;2329
605;2291
606;2292
607;2292
608;2260
609;2228
610;2259
611;2290
612;2258
613;2227
614;2246
615;2266
616;2244
617;2223
618;2205
619;2188
620;2196
621;2203
622;2172
623;2141
624;2165
625;2189
626;2147
627;2106
628;2116
629;2126
630;2118
631;2111
632;2084
633;2058
634;2072
635;2085
636;2068
637;2051
638;2060
639;2070
640;2072
641;2075
642;2074
643;2073
644;2057
645;2042
646;2057
647;2072
648;2055
649;2038
650;2044
651;2051
652;2072
653;2093
654;2054
655;2016
656;2051
657;2085
658;2083
659;2081
660;2072
661;2063
662;2064
663;2065
664;2050
665;2034
666;2043
667;2052
668;2077
669;2102
670;2081
671;2061
672;2066
673;2071
674;2071
675;2072
676;2055
677;2037
678;2054
679;2071
680;2078
681;2086
682;2077
683;2068
684;2050
685;2033
686;2053
687;2073
688;2072
689;2071
690;2096
691;2122
692;2116
693;2110
694;2117
695;2124
696;2114
697;2104
698;2121
699;2138
700;2130
701;2122
702;2119
703;2116
704;2154
705;2193
706;2164
707;2135
708;2177
709;2220
710;2231
711;2242
712;2229
713;2217
714;2234
715;2251
716;2269
717;2286
718;2260
719;2235
720;2262
721;2289
722;2286
723;2283
724;2293
725;2304
726;2312
727;2320
728;2320
729;2320
730;2333
731;2346
732;2309
733;2273
734;2300
735;2327
736;2294
737;2260
738;2260
739;2261
740;2257
741;2254
742;2237
743;2221
744;2231
745;2242
746;2200
747;2159
748;2158
749;2158
750;2106
751;2055
752;2067
753;2079
754;2004
755;1929
756;1911
757;1893
758;1848
759;1802
760;1792
761;1781
762;1745
763;1709
764;1655
765;1601
766;1581
767;1562
768;1547
769;1532
770;1497
771;1462
772;1429
773;1396
774;1394
775;1392
776;1355
777;1319
778;1311
779;1303
780;1282
781;1261
782;1235
783;1210
784;1211
785;1211
786;1206
787;1201
788;1183
789;1166
790;1141
791;1115
792;1112
793;1110
794;1118
795;1126
796;1121
797;1117
798;1115
799;1113
800;1109
801;1106
802;1118
803;1131
804;1118
805;1106
806;1128
807;1151
808;1145
809;1139
810;1149
811;1158
812;1170
813;1183
814;1175
815;1167
816;1169
817;1171
818;1200
819;1230
820;1254
821;1278
822;1296
823;1315
824;1308
825;1301
826;1348
827;1395
828;1444
829;1494
830;1534
831;1575
832;1633
833;1692
834;1726
835;1759
836;1825
837;1890
838;1982
839;2074
840;2121
841;2168
842;2243
843;2318
844;2359
845;2400
846;2432
847;2465
848;2468
849;2472
850;2477
851;2482
852;2433
853;2384
854;2322
855;2260
856;2218
857;2176
858;2122
859;2068
860;2033
861;1998
862;2019
863;2039
864;2049
865;2060
866;2089
867;2118
868;2170
869;2221
870;2308
871;2395
872;2494
873;2594
874;2698
875;2802
876;2919
877;3037
878;3104
879;3171
880;3264
881;3357
882;3369
883;3382
884;3323
885;3264
886;3200
887;3137
888;3000
889;2863
890;2721
891;2579
892;2450
893;2320
894;2255
895;2189
896;2149
897;2108
898;2087
899;2065
900;2078
901;2092
902;2089
903;2087
904;2113
905;2139
906;2147
907;2156
908;2213
909;2269
910;2269
911;2270
912;2234
913;2198
914;2198
915;2198
916;2138
917;2079
918;2025
919;1971
920;1905
921;1839
922;1760
923;1681
924;1611
925;1540
926;1482
927;1424
928;1369
929;1314
930;1286
931;1258
932;1235
933;1212
934;1190
935;1167
936;1165
937;1162
938;1147
939;1131
940;1134
941;1137
942;1142
943;1147
944;1160
945;1173
946;1183
947;1193
948;1242
949;1292
950;1336
951;1380
952;1429
953;1478
954;1558
955;1638
956;1702
957;1767
958;1856
959;1946
960;2062
961;2178
962;2227
963;2276
964;2323
965;2371
966;2392
967;2413
968;2375
969;2338
970;2306
971;2274
972;2210
973;2146
974;2145
975;2144
976;2171
977;2197
978;2257
979;2317
980;2461
981;2606
982;2724
983;2843
984;2922
985;3001
986;3110
987;3219
988;3179
989;3139
990;3062
991;2985
992;2855
993;2725
994;2580
995;2435
996;2329
997;2224
998;2162
999;2101
1000;2067
1001;2033
1002;2038
1003;2043
1004;2061
1005;2078
1006;2118
1007;2159
1008;2137
1009;2115
1010;2096
1011;2077
1012;1983
1013;1890
1014;1855
1015;1821
1016;1701
1017;1582
1018;1500
1019;1417
1020;1350
1021;1283
1022;1266
1023;1250
1024;1203
1025;1157
1026;1142
1027;1128
1028;1137
1029;1147
1030;1144
1031;1141
1032;1164
1033;1188
1034;1210
1035;1233
1036;1284
1037;1335
1038;1402
1039;1468
1040;1548
1041;1627
1042;1740
1043;1853
1044;1917
1045;1981
1046;2104
1047;2227
1048;2269
1049;2312
1050;2288
1051;2265
1052;2258
1053;2251
1054;2215
1055;2180
1056;2180
1057;2180
1058;2236
1059;2292
1060;2395
1061;2499
1062;2626
1063;2754
1064;2864
1065;2973
1066;2993
1067;3013
1068;2941
1069;2870
1070;2727
1071;2585
1072;2434
1073;2283
1074;2192
1075;2102
1076;2077
1077;2053
1078;2007
1079;1961
1080;2011
1081;2061
1082;2035
1083;2009
1084;1991
1085;1973
1086;1941
1087;1910
1088;1793
1089;1677
1090;1584
1091;1492
1092;1420
1093;1349
1094;1299
1095;1248
1096;1216
1097;1183
1098;1155
1099;1128
1100;1137
1101;1147
1102;1176
1103;1204
1104;1217
1105;1231
1106;1298
1107;1366
1108;1450
1109;1535
1110;1602
1111;1670
1112;1791
1113;1913
1114;2006
1115;2100
1116;2164
1117;2228
1118;2249
1119;2271
1120;2236
1121;2202
1122;2201
1123;2200
1124;2239
1125;2277
1126;2351
1127;2425
1128;2524
1129;2623
1130;2694
1131;2764
1132;2810
1133;2856
1134;2753
1135;2651
1136;2520
1137;2390
1138;2252
1139;2115
1140;2066
1141;2017
1142;1990
1143;1963
1144;1991
1145;2019
1146;1987
1147;1956
1148;1929
1149;1902
1150;1816
1151;1731
1152;1629
1153;1528
1154;1449
1155;1371
1156;1310
1157;1249
1158;1224
1159;1200
1160;1186
1161;1172
1162;1170
1163;1169
1164;1205
1165;1242
1166;1305
1167;1368
1168;1447
1169;1526
1170;1608
1171;1691
1172;1798
1173;1904
1174;1982
1175;2061
1176;2121
1177;2182
1178;2196
1179;2210
1180;2217
1181;2224
1182;2233
1183;2243
1184;2333
1185;2424
1186;2501
1187;2579
1188;2644
1189;2710
1190;2700
1191;2691
1192;2587
1193;2484
1194;2382
1195;2281
1196;2164
1197;2048
1198;2011
1199;1973
1200;1965
1201;1957
1202;1929
1203;1901
1204;1862
1205;1823
1206;1741
1207;1659
1208;1565
1209;1471
1210;1401
1211;1331
1212;1271
1213;1211
1214;1217
1215;1223
1216;1206
1217;1190
1218;1231
1219;1273
1220;1339
1221;1405
1222;1495
1223;1586
1224;1645
1225;1704
1226;1802
1227;1900
1228;1983
1229;2066
1230;2112
1231;2159
1232;2192
1233;2225
1234;2233
1235;2240
1236;2290
1237;2340
1238;2405
1239;2470
1240;2495
1241;2520
1242;2526
1243;2533
1244;2460
1245;2387
1246;2269
1247;2151
1248;2110
1249;2068
1250;1973
1251;1877
1252;1850
1253;1822
1254;1805
1255;1787
1256;1723
1257;1659
1258;1587
1259;1516
1260;1426
1261;1336
1262;1294
1263;1252
1264;1234
1265;1216
1266;1241
1267;1266
1268;1305
1269;1345
1270;1409
1271;1474
1272;1549
1273;1624
1274;1702
1275;1781
1276;1856
1277;1931
1278;2029
1279;2127
1280;2168
1281;2209
1282;2197
1283;2185
1284;2244
1285;2304
1286;2383
1287;2463
1288;2454
1289;2446
1290;2433
1291;2420
1292;2358
1293;2296
1294;2189
1295;2083
1296;2005
1297;1928
1298;1876
1299;1824
1300;1759
1301;1694
1302;1650
1303;1605
1304;1538
1305;1472
1306;1420
1307;1369
1308;1306
1309;1243
1310;1253
1311;1264
1312;1287
1313;1311
1314;1340
1315;1369
1316;1443
1317;1517
1318;1593
1319;1669
1320;1745
1321;1822
1322;1918
1323;2014
1324;2081
1325;2148
1326;2184
1327;2220
1328;2231
1329;2243
1330;2259
1331;2275
1332;2283
1333;2291
1334;2283
1335;2275
1336;2239
1337;2203
1338;2120
1339;2037
1340;1943
1341;1848
1342;1809
1343;1770
1344;1721
1345;1671
1346;1619
1347;1566
1348;1475
1349;1384
1350;1350
1351;1316
1352;1272
1353;1229
1354;1255
1355;1281
1356;1321
1357;1362
1358;1431
1359;1501
1360;1567
1361;1633
1362;1717
1363;1801
1364;1874
1365;1947
1366;2013
1367;2080
1368;2080
