# Strom: 8.20 A
# Magnetfeld: -605 mT
# Schnitt bei (663,461)
# Mittelung: 1 Pixel
# Magnetfeldsensor kalibriertPixel ; Red Value
1;1568
2;1677
3;1786
4;1862
5;1938
6;2012
7;2086
8;2050
9;2013
10;1913
11;1813
12;1655
13;1497
14;1396
15;1296
16;1256
17;1217
18;1166
19;1115
20;1105
21;1094
22;1074
23;1055
24;1080
25;1106
26;1107
27;1108
28;1157
29;1207
30;1298
31;1389
32;1483
33;1578
34;1692
35;1807
36;1871
37;1935
38;1958
39;1981
40;1962
41;1944
42;1898
43;1853
44;1792
45;1730
46;1693
47;1657
48;1732
49;1807
50;1895
51;1983
52;2194
53;2405
54;2656
55;2907
56;3018
57;3129
58;3017
59;2905
60;2688
61;2471
62;2325
63;2180
64;2028
65;1876
66;1801
67;1726
68;1763
69;1801
70;1868
71;1935
72;2032
73;2128
74;2254
75;2379
76;2353
77;2327
78;2249
79;2171
80;2057
81;1944
82;1824
83;1703
84;1601
85;1498
86;1407
87;1316
88;1274
89;1232
90;1212
91;1191
92;1194
93;1197
94;1188
95;1179
96;1180
97;1182
98;1197
99;1213
100;1247
101;1281
102;1363
103;1446
104;1520
105;1593
106;1697
107;1801
108;1893
109;1985
110;2082
111;2180
112;2202
113;2224
114;2229
115;2234
116;2166
117;2098
118;2054
119;2011
120;1936
121;1862
122;1831
123;1800
124;1811
125;1822
126;1881
127;1941
128;2049
129;2157
130;2360
131;2563
132;2777
133;2991
134;3147
135;3303
136;3297
137;3291
138;3165
139;3038
140;2816
141;2594
142;2393
143;2192
144;2092
145;1992
146;1908
147;1824
148;1788
149;1751
150;1750
151;1749
152;1807
153;1865
154;1954
155;2043
156;2113
157;2183
158;2231
159;2279
160;2279
161;2279
162;2237
163;2195
164;2134
165;2074
166;1961
167;1849
168;1771
169;1694
170;1613
171;1533
172;1465
173;1398
174;1361
175;1324
176;1295
177;1267
178;1234
179;1202
180;1172
181;1143
182;1160
183;1177
184;1159
185;1141
186;1160
187;1180
188;1192
189;1205
190;1218
191;1231
192;1235
193;1240
194;1311
195;1383
196;1453
197;1523
198;1565
199;1607
200;1689
201;1771
202;1862
203;1953
204;2008
205;2063
206;2114
207;2166
208;2200
209;2235
210;2216
211;2198
212;2184
213;2169
214;2123
215;2077
216;2035
217;1993
218;1959
219;1925
220;1896
221;1868
222;1859
223;1851
224;1834
225;1816
226;1847
227;1877
228;1945
229;2013
230;2099
231;2185
232;2311
233;2437
234;2607
235;2778
236;2994
237;3210
238;3330
239;3450
240;3544
241;3637
242;3635
243;3634
244;3557
245;3480
246;3321
247;3162
248;3028
249;2895
250;2726
251;2558
252;2437
253;2316
254;2221
255;2125
256;2091
257;2056
258;1996
259;1935
260;1923
261;1911
262;1898
263;1886
264;1916
265;1946
266;1986
267;2026
268;2125
269;2225
270;2229
271;2234
272;2318
273;2403
274;2437
275;2471
276;2519
277;2568
278;2567
279;2566
280;2542
281;2518
282;2475
283;2433
284;2374
285;2316
286;2266
287;2217
288;2148
289;2080
290;2011
291;1943
292;1848
293;1754
294;1706
295;1658
296;1592
297;1526
298;1501
299;1476
300;1437
301;1398
302;1365
303;1333
304;1323
305;1314
306;1307
307;1300
308;1285
309;1270
310;1229
311;1188
312;1209
313;1231
314;1215
315;1200
316;1170
317;1140
318;1165
319;1191
320;1162
321;1133
322;1147
323;1161
324;1151
325;1141
326;1166
327;1192
328;1190
329;1188
330;1172
331;1156
332;1179
333;1202
334;1194
335;1186
336;1206
337;1226
338;1255
339;1284
340;1302
341;1320
342;1324
343;1328
344;1366
345;1404
346;1399
347;1395
348;1434
349;1473
350;1516
351;1560
352;1575
353;1590
354;1653
355;1716
356;1717
357;1719
358;1757
359;1794
360;1819
361;1845
362;1882
363;1919
364;1947
365;1976
366;1982
367;1988
368;2034
369;2080
370;2111
371;2143
372;2157
373;2172
374;2197
375;2223
376;2221
377;2219
378;2215
379;2211
380;2245
381;2280
382;2305
383;2329
384;2333
385;2337
386;2281
387;2226
388;2268
389;2309
390;2304
391;2299
392;2280
393;2260
394;2270
395;2279
396;2268
397;2257
398;2242
399;2228
400;2212
401;2196
402;2185
403;2174
404;2181
405;2187
406;2199
407;2211
408;2209
409;2207
410;2184
411;2162
412;2142
413;2123
414;2111
415;2100
416;2097
417;2095
418;2073
419;2051
420;2065
421;2079
422;2093
423;2106
424;2094
425;2082
426;2064
427;2047
428;2044
429;2042
430;2042
431;2043
432;2039
433;2035
434;2067
435;2098
436;2067
437;2035
438;2051
439;2067
440;2041
441;2016
442;2015
443;2014
444;2014
445;2014
446;2002
447;1991
448;1972
449;1954
450;1977
451;2000
452;1987
453;1975
454;1944
455;1913
456;1926
457;1940
458;1945
459;1950
460;1960
461;1970
462;1955
463;1941
464;1922
465;1904
466;1907
467;1910
468;1914
469;1918
470;1914
471;1911
472;1909
473;1906
474;1903
475;1900
476;1916
477;1933
478;1931
479;1929
480;1919
481;1909
482;1913
483;1918
484;1902
485;1886
486;1898
487;1911
488;1894
489;1878
490;1900
491;1923
492;1932
493;1941
494;1928
495;1914
496;1917
497;1920
498;1932
499;1944
500;1944
501;1944
502;1948
503;1951
504;1952
505;1953
506;1936
507;1920
508;1955
509;1990
510;1980
511;1971
512;1978
513;1984
514;1982
515;1980
516;2023
517;2067
518;2035
519;2003
520;2020
521;2036
522;2061
523;2086
524;2076
525;2065
526;2082
527;2099
528;2077
529;2056
530;2105
531;2154
532;2155
533;2156
534;2153
535;2151
536;2163
537;2176
538;2177
539;2178
540;2184
541;2191
542;2212
543;2233
544;2222
545;2211
546;2220
547;2229
548;2219
549;2209
550;2209
551;2210
552;2197
553;2185
554;2206
555;2227
556;2201
557;2174
558;2140
559;2105
560;2081
561;2058
562;2077
563;2096
564;2040
565;1985
566;1944
567;1903
568;1901
569;1899
570;1895
571;1892
572;1847
573;1802
574;1752
575;1701
576;1676
577;1650
578;1642
579;1634
580;1588
581;1542
582;1525
583;1509
584;1482
585;1455
586;1454
587;1453
588;1414
589;1376
590;1363
591;1350
592;1335
593;1321
594;1328
595;1335
596;1303
597;1272
598;1278
599;1285
600;1265
601;1245
602;1250
603;1254
604;1261
605;1269
606;1273
607;1278
608;1281
609;1284
610;1286
611;1289
612;1267
613;1245
614;1287
615;1328
616;1347
617;1366
618;1371
619;1375
620;1395
621;1414
622;1432
623;1449
624;1473
625;1497
626;1540
627;1583
628;1593
629;1603
630;1677
631;1751
632;1814
633;1878
634;1930
635;1983
636;2013
637;2043
638;2119
639;2195
640;2220
641;2246
642;2318
643;2391
644;2401
645;2411
646;2433
647;2455
648;2441
649;2427
650;2401
651;2376
652;2355
653;2335
654;2290
655;2246
656;2204
657;2163
658;2098
659;2034
660;2001
661;1969
662;1946
663;1922
664;1937
665;1951
666;1968
667;1985
668;2032
669;2080
670;2100
671;2121
672;2196
673;2271
674;2358
675;2446
676;2510
677;2575
678;2667
679;2760
680;2874
681;2989
682;3079
683;3168
684;3186
685;3205
686;3200
687;3195
688;3119
689;3043
690;2962
691;2882
692;2744
693;2607
694;2453
695;2299
696;2211
697;2122
698;2071
699;2020
700;1972
701;1925
702;1895
703;1865
704;1864
705;1862
706;1880
707;1898
708;1913
709;1928
710;1948
711;1968
712;1999
713;2031
714;2055
715;2080
716;2102
717;2124
718;2129
719;2134
720;2108
721;2083
722;2070
723;2057
724;2006
725;1954
726;1888
727;1821
728;1732
729;1643
730;1608
731;1574
732;1499
733;1425
734;1406
735;1387
736;1337
737;1288
738;1296
739;1304
740;1318
741;1332
742;1329
743;1327
744;1308
745;1290
746;1327
747;1364
748;1393
749;1422
750;1459
751;1496
752;1578
753;1660
754;1713
755;1767
756;1840
757;1914
758;2015
759;2116
760;2176
761;2236
762;2290
763;2345
764;2393
765;2441
766;2460
767;2479
768;2508
769;2537
770;2498
771;2460
772;2411
773;2362
774;2320
775;2277
776;2257
777;2237
778;2230
779;2223
780;2254
781;2286
782;2380
783;2474
784;2573
785;2672
786;2788
787;2905
788;3035
789;3166
790;3224
791;3283
792;3258
793;3234
794;3088
795;2943
796;2787
797;2631
798;2436
799;2241
800;2160
801;2078
802;2006
803;1934
804;1908
805;1882
806;1914
807;1947
808;1960
809;1973
810;1979
811;1984
812;2022
813;2061
814;2072
815;2084
816;2058
817;2032
818;1966
819;1900
820;1826
821;1752
822;1689
823;1626
824;1537
825;1449
826;1410
827;1372
828;1354
829;1336
830;1346
831;1355
832;1361
833;1366
834;1372
835;1378
836;1427
837;1477
838;1513
839;1550
840;1600
841;1649
842;1697
843;1744
844;1838
845;1932
846;2000
847;2069
848;2143
849;2217
850;2278
851;2338
852;2325
853;2312
854;2279
855;2245
856;2192
857;2139
858;2104
859;2070
860;2069
861;2069
862;2116
863;2164
864;2267
865;2370
866;2487
867;2603
868;2748
869;2893
870;2934
871;2975
872;2873
873;2771
874;2574
875;2376
876;2224
877;2072
878;1929
879;1785
880;1774
881;1763
882;1764
883;1765
884;1816
885;1867
886;1903
887;1940
888;1954
889;1969
890;1979
891;1990
892;1909
893;1828
894;1757
895;1686
896;1604
897;1523
898;1478
899;1434
900;1401
901;1368
902;1395
903;1422
904;1426
905;1430
906;1476
907;1522
908;1576
909;1629
910;1656
911;1684
912;1758
913;1833
914;1929
915;2025
916;2102
917;2178
918;2178
