# Strom: 8.01 A
# Magnetfeld: -604 mT
# Schnitt bei (663,461)
# Mittelung: 1 Pixel
# Magnetfeldsensor kalibriertPixel ; Red Value
1;1604
2;1704
3;1805
4;1863
5;1921
6;2003
7;2086
8;2025
9;1964
10;1872
11;1781
12;1634
13;1486
14;1389
15;1292
16;1212
17;1133
18;1128
19;1123
20;1088
21;1052
22;1060
23;1068
24;1047
25;1026
26;1066
27;1106
28;1158
29;1210
30;1283
31;1357
32;1447
33;1537
34;1655
35;1773
36;1837
37;1901
38;1927
39;1953
40;1923
41;1892
42;1853
43;1814
44;1778
45;1743
46;1701
47;1658
48;1699
49;1740
50;1844
51;1948
52;2165
53;2382
54;2602
55;2822
56;2962
57;3102
58;2953
59;2805
60;2606
61;2408
62;2211
63;2014
64;1914
65;1814
66;1781
67;1748
68;1742
69;1736
70;1816
71;1896
72;2002
73;2108
74;2183
75;2257
76;2274
77;2291
78;2200
79;2109
80;2019
81;1930
82;1783
83;1636
84;1529
85;1422
86;1354
87;1286
88;1268
89;1251
90;1212
91;1174
92;1181
93;1188
94;1169
95;1150
96;1170
97;1191
98;1199
99;1208
100;1231
101;1253
102;1330
103;1406
104;1499
105;1591
106;1684
107;1777
108;1881
109;1986
110;2057
111;2127
112;2184
113;2240
114;2246
115;2253
116;2200
117;2148
118;2075
119;2001
120;1945
121;1890
122;1870
123;1850
124;1862
125;1874
126;1937
127;2001
128;2094
129;2188
130;2352
131;2517
132;2769
133;3022
134;3189
135;3357
136;3318
137;3280
138;3170
139;3060
140;2821
141;2582
142;2425
143;2268
144;2089
145;1910
146;1887
147;1864
148;1793
149;1722
150;1767
151;1813
152;1861
153;1910
154;1963
155;2016
156;2116
157;2216
158;2255
159;2294
160;2305
161;2317
162;2253
163;2190
164;2108
165;2025
166;1925
167;1824
168;1730
169;1636
170;1569
171;1503
172;1445
173;1387
174;1321
175;1255
176;1234
177;1213
178;1176
179;1140
180;1133
181;1126
182;1137
183;1147
184;1150
185;1153
186;1160
187;1167
188;1176
189;1185
190;1206
191;1226
192;1253
193;1280
194;1311
195;1343
196;1408
197;1474
198;1544
199;1615
200;1688
201;1761
202;1809
203;1857
204;1952
205;2047
206;2059
207;2072
208;2118
209;2164
210;2163
211;2161
212;2149
213;2137
214;2096
215;2056
216;2039
217;2021
218;1965
219;1909
220;1883
221;1856
222;1826
223;1795
224;1785
225;1774
226;1819
227;1863
228;1919
229;1974
230;2054
231;2135
232;2245
233;2356
234;2499
235;2642
236;2818
237;2994
238;3160
239;3327
240;3422
241;3518
242;3505
243;3493
244;3428
245;3363
246;3215
247;3067
248;2923
249;2780
250;2624
251;2468
252;2385
253;2303
254;2234
255;2165
256;2085
257;2005
258;1980
259;1955
260;1947
261;1940
262;1929
263;1918
264;1943
265;1968
266;2002
267;2036
268;2090
269;2144
270;2195
271;2246
272;2313
273;2380
274;2401
275;2423
276;2498
277;2573
278;2557
279;2541
280;2525
281;2509
282;2485
283;2460
284;2402
285;2344
286;2268
287;2192
288;2114
289;2036
290;1959
291;1882
292;1836
293;1790
294;1735
295;1681
296;1611
297;1540
298;1520
299;1500
300;1458
301;1416
302;1383
303;1350
304;1331
305;1312
306;1288
307;1265
308;1267
309;1270
310;1235
311;1200
312;1214
313;1229
314;1203
315;1177
316;1172
317;1168
318;1141
319;1114
320;1130
321;1146
322;1155
323;1164
324;1178
325;1193
326;1189
327;1185
328;1187
329;1190
330;1193
331;1197
332;1216
333;1235
334;1229
335;1223
336;1217
337;1212
338;1237
339;1261
340;1265
341;1269
342;1285
343;1302
344;1330
345;1358
346;1376
347;1394
348;1437
349;1481
350;1490
351;1499
352;1518
353;1538
354;1572
355;1606
356;1638
357;1670
358;1716
359;1761
360;1802
361;1842
362;1843
363;1843
364;1875
365;1906
366;1929
367;1952
368;2005
369;2059
370;2056
371;2054
372;2093
373;2133
374;2127
375;2122
376;2130
377;2139
378;2153
379;2167
380;2199
381;2231
382;2235
383;2239
384;2220
385;2202
386;2221
387;2240
388;2221
389;2201
390;2191
391;2181
392;2217
393;2253
394;2223
395;2193
396;2216
397;2239
398;2203
399;2166
400;2163
401;2161
402;2162
403;2164
404;2153
405;2143
406;2174
407;2205
408;2172
409;2139
410;2116
411;2093
412;2097
413;2102
414;2096
415;2091
416;2082
417;2074
418;2060
419;2046
420;2056
421;2066
422;2079
423;2093
424;2063
425;2034
426;2015
427;1996
428;2003
429;2010
430;2018
431;2027
432;2017
433;2008
434;2017
435;2026
436;2028
437;2031
438;2034
439;2037
440;2019
441;2002
442;1997
443;1993
444;1989
445;1986
446;1993
447;2000
448;2003
449;2007
450;2007
451;2008
452;2011
453;2014
454;1985
455;1956
456;1958
457;1960
458;1966
459;1972
460;1970
461;1968
462;1968
463;1969
464;1971
465;1974
466;1976
467;1978
468;1957
469;1937
470;1933
471;1930
472;1921
473;1913
474;1925
475;1937
476;1936
477;1936
478;1935
479;1934
480;1937
481;1941
482;1943
483;1946
484;1914
485;1882
486;1911
487;1940
488;1910
489;1881
490;1904
491;1928
492;1934
493;1940
494;1936
495;1932
496;1924
497;1916
498;1927
499;1937
500;1930
501;1922
502;1938
503;1954
504;1943
505;1932
506;1955
507;1978
508;1994
509;2010
510;2016
511;2023
512;2017
513;2011
514;2024
515;2037
516;2036
517;2035
518;2024
519;2013
520;2025
521;2038
522;2037
523;2036
524;2055
525;2075
526;2105
527;2135
528;2120
529;2104
530;2114
531;2124
532;2120
533;2117
534;2137
535;2157
536;2169
537;2181
538;2180
539;2180
540;2153
541;2127
542;2150
543;2174
544;2163
545;2153
546;2163
547;2174
548;2183
549;2191
550;2158
551;2124
552;2142
553;2160
554;2180
555;2201
556;2149
557;2098
558;2078
559;2058
560;2071
561;2084
562;2032
563;1980
564;1978
565;1976
566;1927
567;1878
568;1865
569;1853
570;1829
571;1806
572;1750
573;1694
574;1678
575;1662
576;1641
577;1620
578;1608
579;1597
580;1550
581;1503
582;1493
583;1484
584;1462
585;1439
586;1407
587;1375
588;1350
589;1324
590;1347
591;1370
592;1350
593;1330
594;1304
595;1279
596;1299
597;1320
598;1307
599;1294
600;1282
601;1269
602;1262
603;1255
604;1270
605;1285
606;1282
607;1278
608;1282
609;1286
610;1285
611;1285
612;1273
613;1262
614;1288
615;1314
616;1312
617;1311
618;1331
619;1352
620;1380
621;1409
622;1413
623;1417
624;1475
625;1533
626;1558
627;1584
628;1623
629;1661
630;1720
631;1779
632;1824
633;1869
634;1912
635;1955
636;2001
637;2046
638;2133
639;2220
640;2264
641;2307
642;2329
643;2350
644;2396
645;2441
646;2447
647;2453
648;2437
649;2421
650;2416
651;2410
652;2374
653;2338
654;2261
655;2184
656;2169
657;2153
658;2099
659;2044
660;2015
661;1986
662;1974
663;1963
664;1969
665;1975
666;1992
667;2010
668;2046
669;2083
670;2111
671;2139
672;2203
673;2267
674;2323
675;2379
676;2469
677;2560
678;2676
679;2792
680;2847
681;2902
682;2991
683;3079
684;3119
685;3160
686;3148
687;3136
688;3081
689;3025
690;2897
691;2769
692;2640
693;2511
694;2430
695;2349
696;2238
697;2128
698;2068
699;2008
700;1937
701;1867
702;1846
703;1825
704;1832
705;1840
706;1864
707;1889
708;1908
709;1928
710;1968
711;2008
712;2024
713;2041
714;2063
715;2085
716;2102
717;2120
718;2093
719;2067
720;2063
721;2059
722;2028
723;1997
724;1919
725;1841
726;1804
727;1766
728;1718
729;1669
730;1588
731;1507
732;1463
733;1419
734;1393
735;1367
736;1341
737;1315
738;1307
739;1298
740;1274
741;1251
742;1277
743;1304
744;1318
745;1332
746;1323
747;1315
748;1369
749;1424
750;1469
751;1514
752;1553
753;1593
754;1650
755;1707
756;1788
757;1869
758;1956
759;2042
760;2108
761;2174
762;2238
763;2301
764;2354
765;2407
766;2441
767;2475
768;2497
769;2519
770;2487
771;2455
772;2399
773;2344
774;2311
775;2278
776;2240
777;2201
778;2243
779;2285
780;2316
781;2346
782;2399
783;2451
784;2579
785;2707
786;2788
787;2868
788;3010
789;3151
790;3230
791;3310
792;3258
793;3207
794;3059
795;2912
796;2727
797;2542
798;2403
799;2264
800;2161
801;2057
802;1992
803;1927
804;1925
805;1924
806;1921
807;1917
808;1965
809;2013
810;2036
811;2060
812;2079
813;2099
814;2097
815;2095
816;2053
817;2012
818;1952
819;1892
820;1806
821;1720
822;1636
823;1553
824;1491
825;1430
826;1404
827;1377
828;1351
829;1325
830;1312
831;1298
832;1320
833;1343
834;1346
835;1349
836;1419
837;1489
838;1526
839;1563
840;1616
841;1669
842;1730
843;1791
844;1836
845;1882
846;1987
847;2093
848;2135
849;2177
850;2234
851;2290
852;2309
853;2327
854;2276
855;2226
856;2170
857;2115
858;2077
859;2040
860;2046
861;2052
862;2112
863;2172
864;2227
865;2282
866;2437
867;2592
868;2719
869;2846
870;2889
871;2932
872;2813
873;2694
874;2492
875;2289
876;2117
877;1945
878;1887
879;1830
880;1804
881;1778
882;1785
883;1792
884;1816
885;1840
886;1877
887;1914
888;1938
889;1962
890;1942
891;1922
892;1850
893;1778
894;1721
895;1664
896;1577
897;1489
898;1438
899;1387
900;1354
901;1321
902;1346
903;1371
904;1402
905;1434
906;1466
907;1498
908;1515
909;1532
910;1597
911;1662
912;1708
913;1754
914;1882
915;2011
916;2078
917;2145
918;2145
