# Strom: 7.08 A
# Magnetfeld: -587 mT
# Schnitt bei (663,461)
# Mittelung: 1 Pixel
# Magnetfeldsensor kalibriertPixel ; Red Value
1;1717
2;1804
3;1892
4;1969
5;2047
6;2101
7;2154
8;2061
9;1967
10;1852
11;1738
12;1616
13;1495
14;1397
15;1299
16;1237
17;1175
18;1135
19;1096
20;1091
21;1087
22;1079
23;1071
24;1080
25;1089
26;1105
27;1121
28;1148
29;1176
30;1258
31;1340
32;1434
33;1529
34;1659
35;1789
36;1898
37;2008
38;2044
39;2079
40;2073
41;2068
42;2014
43;1960
44;1919
45;1879
46;1832
47;1785
48;1830
49;1875
50;2025
51;2174
52;2388
53;2602
54;2865
55;3128
56;3241
57;3355
58;3216
59;3077
60;2870
61;2663
62;2461
63;2260
64;2114
65;1968
66;1933
67;1899
68;1897
69;1895
70;2009
71;2123
72;2181
73;2239
74;2310
75;2381
76;2333
77;2285
78;2158
79;2031
80;1904
81;1778
82;1645
83;1513
84;1448
85;1383
86;1307
87;1231
88;1200
89;1170
90;1127
91;1084
92;1086
93;1088
94;1076
95;1065
96;1084
97;1103
98;1114
99;1125
100;1133
101;1142
102;1197
103;1252
104;1310
105;1369
106;1462
107;1555
108;1658
109;1762
110;1860
111;1959
112;2013
113;2068
114;2098
115;2128
116;2098
117;2069
118;2021
119;1973
120;1921
121;1870
122;1822
123;1774
124;1768
125;1762
126;1797
127;1832
128;1909
129;1986
130;2199
131;2413
132;2614
133;2815
134;2927
135;3038
136;3061
137;3084
138;2950
139;2817
140;2616
141;2416
142;2261
143;2107
144;2012
145;1917
146;1856
147;1796
148;1767
149;1739
150;1784
151;1829
152;1891
153;1952
154;2025
155;2097
156;2165
157;2234
158;2254
159;2274
160;2240
161;2206
162;2148
163;2090
164;1965
165;1841
166;1734
167;1628
168;1556
169;1485
170;1422
171;1360
172;1310
173;1261
174;1230
175;1200
176;1188
177;1177
178;1157
179;1137
180;1121
181;1105
182;1133
183;1162
184;1128
185;1094
186;1127
187;1160
188;1149
189;1139
190;1139
191;1140
192;1183
193;1227
194;1257
195;1286
196;1341
197;1395
198;1440
199;1485
200;1558
201;1632
202;1730
203;1829
204;1909
205;1990
206;2052
207;2115
208;2196
209;2278
210;2294
211;2310
212;2336
213;2362
214;2337
215;2313
216;2266
217;2218
218;2179
219;2141
220;2108
221;2075
222;2034
223;1992
224;1987
225;1983
226;1983
227;1984
228;2052
229;2119
230;2197
231;2275
232;2384
233;2492
234;2668
235;2844
236;2983
237;3123
238;3307
239;3491
240;3550
241;3609
242;3576
243;3543
244;3469
245;3395
246;3244
247;3092
248;2939
249;2786
250;2665
251;2544
252;2393
253;2242
254;2166
255;2089
256;2032
257;1975
258;1956
259;1938
260;1925
261;1912
262;1915
263;1919
264;1924
265;1930
266;1964
267;1998
268;2065
269;2132
270;2160
271;2188
272;2274
273;2360
274;2357
275;2355
276;2384
277;2414
278;2411
279;2408
280;2334
281;2260
282;2212
283;2164
284;2100
285;2036
286;1985
287;1933
288;1879
289;1826
290;1768
291;1710
292;1634
293;1557
294;1530
295;1504
296;1440
297;1376
298;1348
299;1321
300;1300
301;1279
302;1250
303;1221
304;1224
305;1227
306;1195
307;1163
308;1176
309;1190
310;1164
311;1138
312;1119
313;1101
314;1119
315;1138
316;1120
317;1102
318;1110
319;1117
320;1108
321;1100
322;1124
323;1149
324;1127
325;1104
326;1116
327;1128
328;1129
329;1131
330;1144
331;1158
332;1152
333;1146
334;1164
335;1182
336;1183
337;1184
338;1197
339;1211
340;1233
341;1255
342;1266
343;1277
344;1291
345;1305
346;1321
347;1338
348;1371
349;1405
350;1425
351;1446
352;1486
353;1526
354;1540
355;1555
356;1592
357;1630
358;1649
359;1669
360;1706
361;1743
362;1785
363;1828
364;1874
365;1920
366;1943
367;1966
368;2014
369;2062
370;2106
371;2151
372;2156
373;2162
374;2208
375;2254
376;2276
377;2299
378;2307
379;2316
380;2340
381;2365
382;2369
383;2373
384;2353
385;2334
386;2377
387;2420
388;2411
389;2402
390;2422
391;2441
392;2417
393;2392
394;2375
395;2357
396;2365
397;2374
398;2380
399;2386
400;2335
401;2285
402;2315
403;2346
404;2359
405;2372
406;2328
407;2285
408;2273
409;2262
410;2246
411;2231
412;2225
413;2218
414;2225
415;2232
416;2225
417;2218
418;2211
419;2205
420;2174
421;2143
422;2116
423;2089
424;2058
425;2028
426;2050
427;2073
428;2047
429;2021
430;2029
431;2037
432;2041
433;2045
434;2021
435;1998
436;2004
437;2010
438;1999
439;1988
440;1974
441;1961
442;1972
443;1983
444;1993
445;2003
446;1982
447;1961
448;1947
449;1932
450;1949
451;1967
452;1949
453;1932
454;1927
455;1923
456;1910
457;1898
458;1893
459;1888
460;1881
461;1874
462;1869
463;1863
464;1879
465;1894
466;1900
467;1905
468;1887
469;1869
470;1883
471;1897
472;1889
473;1881
474;1892
475;1902
476;1906
477;1910
478;1910
479;1910
480;1898
481;1886
482;1909
483;1932
484;1919
485;1906
486;1912
487;1919
488;1907
489;1896
490;1904
491;1912
492;1951
493;1991
494;1951
495;1911
496;1915
497;1919
498;1928
499;1937
500;1959
501;1982
502;1980
503;1978
504;1998
505;2019
506;2023
507;2028
508;2055
509;2082
510;2079
511;2077
512;2101
513;2126
514;2131
515;2135
516;2154
517;2173
518;2183
519;2193
520;2176
521;2159
522;2210
523;2262
524;2252
525;2242
526;2232
527;2222
528;2266
529;2311
530;2304
531;2298
532;2317
533;2336
534;2324
535;2313
536;2331
537;2349
538;2355
539;2362
540;2334
541;2306
542;2332
543;2358
544;2342
545;2325
546;2279
547;2233
548;2259
549;2286
550;2246
551;2206
552;2209
553;2212
554;2186
555;2160
556;2152
557;2145
558;2128
559;2110
560;2072
561;2034
562;1988
563;1942
564;1916
565;1890
566;1858
567;1827
568;1813
569;1800
570;1752
571;1703
572;1680
573;1657
574;1624
575;1592
576;1555
577;1518
578;1491
579;1465
580;1445
581;1426
582;1409
583;1392
584;1373
585;1355
586;1336
587;1318
588;1318
589;1319
590;1284
591;1249
592;1239
593;1229
594;1243
595;1257
596;1228
597;1198
598;1197
599;1196
600;1188
601;1181
602;1183
603;1185
604;1178
605;1172
606;1182
607;1192
608;1190
609;1189
610;1201
611;1214
612;1213
613;1212
614;1211
615;1211
616;1211
617;1212
618;1238
619;1263
620;1254
621;1245
622;1273
623;1301
624;1324
625;1347
626;1377
627;1406
628;1431
629;1456
630;1486
631;1516
632;1565
633;1615
634;1656
635;1697
636;1796
637;1895
638;1932
639;1969
640;2018
641;2067
642;2138
643;2210
644;2274
645;2339
646;2354
647;2369
648;2389
649;2409
650;2376
651;2343
652;2364
653;2385
654;2350
655;2316
656;2289
657;2262
658;2204
659;2147
660;2125
661;2103
662;2085
663;2067
664;2030
665;1994
666;1998
667;2003
668;2053
669;2104
670;2168
671;2232
672;2266
673;2301
674;2376
675;2452
676;2563
677;2675
678;2748
679;2821
680;2932
681;3044
682;3139
683;3235
684;3256
685;3278
686;3317
687;3356
688;3282
689;3209
690;3098
691;2987
692;2862
693;2737
694;2631
695;2526
696;2424
697;2323
698;2237
699;2152
700;2120
701;2088
702;2044
703;2001
704;2034
705;2068
706;2055
707;2043
708;2085
709;2127
710;2132
711;2136
712;2183
713;2230
714;2237
715;2244
716;2262
717;2280
718;2252
719;2224
720;2205
721;2187
722;2106
723;2025
724;1961
725;1898
726;1834
727;1770
728;1681
729;1591
730;1556
731;1520
732;1461
733;1402
734;1381
735;1361
736;1332
737;1304
738;1298
739;1292
740;1280
741;1269
742;1274
743;1280
744;1285
745;1291
746;1297
747;1304
748;1342
749;1381
750;1407
751;1434
752;1469
753;1505
754;1563
755;1620
756;1667
757;1715
758;1788
759;1862
760;1925
761;1987
762;2060
763;2134
764;2197
765;2261
766;2302
767;2344
768;2382
769;2420
770;2408
771;2397
772;2371
773;2345
774;2306
775;2268
776;2209
777;2150
778;2137
779;2125
780;2146
781;2168
782;2228
783;2288
784;2367
785;2446
786;2531
787;2616
788;2754
789;2893
790;2973
791;3053
792;3036
793;3018
794;2879
795;2740
796;2562
797;2384
798;2248
799;2112
800;2028
801;1944
802;1905
803;1866
804;1876
805;1887
806;1869
807;1851
808;1884
809;1916
810;1968
811;2020
812;2017
813;2014
814;1981
815;1948
816;1910
817;1873
818;1794
819;1715
820;1643
821;1572
822;1496
823;1421
824;1369
825;1318
826;1292
827;1266
828;1258
829;1250
830;1236
831;1223
832;1239
833;1256
834;1268
835;1281
836;1330
837;1380
838;1404
839;1428
840;1479
841;1530
842;1582
843;1633
844;1704
845;1774
846;1848
847;1923
848;2021
849;2120
850;2214
851;2309
852;2329
853;2349
854;2367
855;2385
856;2332
857;2280
858;2225
859;2169
860;2158
861;2147
862;2187
863;2226
864;2273
865;2319
866;2459
867;2600
868;2788
869;2976
870;2978
871;2981
872;2924
873;2866
874;2658
875;2451
876;2302
877;2154
878;2036
879;1918
880;1905
881;1893
882;1919
883;1946
884;1978
885;2011
886;2019
887;2028
888;2069
889;2111
890;2051
891;1992
892;1876
893;1761
894;1663
895;1566
896;1528
897;1491
898;1408
899;1326
900;1306
901;1287
902;1326
903;1366
904;1391
905;1417
906;1443
907;1470
908;1496
909;1522
910;1585
911;1649
912;1687
913;1725
914;1824
915;1924
916;2002
917;2080
918;2080
