# Strom: 1.33 A
# Magnetfeld: -145 mT
# Schnitt bei (663,461)
# Mittelung: 1 Pixel
# Magnetfeldsensor kalibriertPixel ; Red Value
1;1487
2;1366
3;1244
4;1160
5;1076
6;1050
7;1024
8;1001
9;979
10;954
11;929
12;926
13;923
14;907
15;890
16;882
17;874
18;861
19;848
20;855
21;862
22;855
23;848
24;869
25;890
26;888
27;887
28;883
29;879
30;890
31;901
32;905
33;908
34;916
35;924
36;940
37;957
38;985
39;1013
40;1032
41;1051
42;1094
43;1137
44;1199
45;1262
46;1386
47;1510
48;1693
49;1876
50;2096
51;2316
52;2484
53;2652
54;2639
55;2626
56;2578
57;2531
58;2572
59;2613
60;2620
61;2627
62;2585
63;2543
64;2370
65;2197
66;1986
67;1775
68;1586
69;1397
70;1320
71;1243
72;1179
73;1116
74;1088
75;1060
76;1035
77;1010
78;1001
79;992
80;967
81;942
82;920
83;899
84;910
85;921
86;903
87;886
88;903
89;919
90;907
91;895
92;909
93;924
94;916
95;908
96;900
97;893
98;900
99;907
100;906
101;905
102;914
103;922
104;929
105;936
106;950
107;964
108;950
109;936
110;951
111;966
112;998
113;1031
114;1033
115;1036
116;1063
117;1091
118;1120
119;1149
120;1219
121;1289
122;1396
123;1503
124;1624
125;1746
126;1954
127;2162
128;2345
129;2528
130;2648
131;2768
132;2728
133;2689
134;2671
135;2653
136;2620
137;2587
138;2633
139;2679
140;2718
141;2757
142;2717
143;2676
144;2536
145;2396
146;2175
147;1955
148;1799
149;1644
150;1548
151;1452
152;1361
153;1271
154;1215
155;1159
156;1146
157;1134
158;1105
159;1076
160;1090
161;1104
162;1050
163;997
164;993
165;990
166;981
167;973
168;985
169;998
170;978
171;959
172;946
173;934
174;939
175;944
176;945
177;947
178;925
179;903
180;900
181;897
182;909
183;921
184;914
185;908
186;927
187;947
188;950
189;954
190;949
191;943
192;920
193;896
194;932
195;967
196;950
197;933
198;957
199;981
200;975
201;969
202;966
203;964
204;963
205;962
206;988
207;1014
208;1023
209;1032
210;1055
211;1079
212;1101
213;1123
214;1150
215;1176
216;1207
217;1239
218;1291
219;1344
220;1384
221;1424
222;1524
223;1623
224;1733
225;1843
226;2017
227;2191
228;2324
229;2457
230;2549
231;2641
232;2740
233;2839
234;2855
235;2871
236;2842
237;2813
238;2769
239;2726
240;2700
241;2675
242;2696
243;2717
244;2760
245;2803
246;2815
247;2826
248;2859
249;2893
250;2813
251;2734
252;2687
253;2640
254;2478
255;2316
256;2205
257;2095
258;1987
259;1880
260;1750
261;1620
262;1537
263;1454
264;1412
265;1370
266;1331
267;1293
268;1272
269;1251
270;1202
271;1154
272;1151
273;1149
274;1124
275;1099
276;1099
277;1099
278;1079
279;1060
280;1034
281;1009
282;1018
283;1028
284;1011
285;995
286;994
287;994
288;991
289;989
290;1001
291;1014
292;994
293;975
294;981
295;988
296;985
297;981
298;971
299;960
300;961
301;961
302;954
303;948
304;942
305;937
306;926
307;916
308;934
309;953
310;950
311;948
312;946
313;945
314;941
315;938
316;951
317;964
318;939
319;914
320;916
321;918
322;916
323;914
324;932
325;949
326;956
327;963
328;959
329;956
330;942
331;928
332;923
333;919
334;944
335;970
336;959
337;949
338;963
339;977
340;972
341;968
342;951
343;934
344;929
345;925
346;958
347;991
348;979
349;967
350;991
351;1015
352;1008
353;1001
354;987
355;974
356;970
357;967
358;987
359;1007
360;993
361;979
362;980
363;981
364;1004
365;1027
366;1027
367;1027
368;1029
369;1031
370;1037
371;1043
372;1033
373;1023
374;1033
375;1042
376;1049
377;1055
378;1040
379;1024
380;1049
381;1074
382;1069
383;1063
384;1075
385;1087
386;1097
387;1108
388;1106
389;1104
390;1105
391;1107
392;1122
393;1137
394;1149
395;1162
396;1177
397;1192
398;1184
399;1176
400;1189
401;1202
402;1208
403;1215
404;1232
405;1249
406;1258
407;1266
408;1276
409;1286
410;1310
411;1333
412;1350
413;1368
414;1341
415;1314
416;1335
417;1356
418;1372
419;1388
420;1401
421;1414
422;1423
423;1433
424;1448
425;1464
426;1487
427;1511
428;1513
429;1515
430;1503
431;1491
432;1511
433;1530
434;1568
435;1606
436;1593
437;1580
438;1603
439;1627
440;1637
441;1648
442;1646
443;1644
444;1644
445;1644
446;1647
447;1650
448;1685
449;1721
450;1705
451;1690
452;1724
453;1758
454;1736
455;1715
456;1753
457;1792
458;1787
459;1782
460;1780
461;1779
462;1764
463;1749
464;1748
465;1748
466;1773
467;1798
468;1785
469;1773
470;1792
471;1811
472;1799
473;1787
474;1793
475;1800
476;1764
477;1727
478;1733
479;1740
480;1716
481;1692
482;1698
483;1705
484;1694
485;1683
486;1682
487;1681
488;1673
489;1665
490;1663
491;1661
492;1636
493;1611
494;1608
495;1606
496;1592
497;1578
498;1562
499;1547
500;1535
501;1524
502;1506
503;1488
504;1490
505;1492
506;1492
507;1491
508;1463
509;1435
510;1441
511;1448
512;1419
513;1390
514;1385
515;1380
516;1369
517;1358
518;1352
519;1346
520;1348
521;1350
522;1330
523;1310
524;1278
525;1246
526;1255
527;1264
528;1248
529;1233
530;1236
531;1238
532;1229
533;1220
534;1208
535;1197
536;1189
537;1182
538;1190
539;1198
540;1171
541;1144
542;1136
543;1129
544;1141
545;1153
546;1141
547;1130
548;1130
549;1130
550;1122
551;1115
552;1104
553;1093
554;1088
555;1084
556;1072
557;1060
558;1072
559;1083
560;1080
561;1078
562;1070
563;1062
564;1057
565;1051
566;1040
567;1029
568;1036
569;1042
570;1040
571;1038
572;1042
573;1046
574;1048
575;1050
576;1038
577;1027
578;1036
579;1045
580;1027
581;1010
582;1019
583;1028
584;1013
585;998
586;993
587;989
588;1000
589;1011
590;1010
591;1009
592;1013
593;1018
594;1014
595;1011
596;1007
597;1003
598;991
599;979
600;999
601;1018
602;1013
603;1009
604;1009
605;1009
606;1005
607;1002
608;986
609;970
610;976
611;983
612;992
613;1001
614;998
615;995
616;1003
617;1011
618;1016
619;1021
620;1023
621;1026
622;1001
623;977
624;988
625;999
626;1008
627;1018
628;1016
629;1014
630;1021
631;1028
632;1030
633;1032
634;1035
635;1038
636;1055
637;1073
638;1074
639;1074
640;1083
641;1091
642;1080
643;1070
644;1091
645;1113
646;1105
647;1098
648;1123
649;1149
650;1150
651;1152
652;1181
653;1211
654;1219
655;1228
656;1229
657;1230
658;1260
659;1291
660;1312
661;1333
662;1380
663;1428
664;1474
665;1520
666;1585
667;1649
668;1728
669;1807
670;1912
671;2018
672;2149
673;2280
674;2409
675;2539
676;2651
677;2764
678;2837
679;2911
680;2949
681;2988
682;2986
683;2984
684;2948
685;2912
686;2871
687;2830
688;2813
689;2796
690;2834
691;2872
692;2894
693;2916
694;2932
695;2949
696;2924
697;2899
698;2815
699;2731
700;2614
701;2498
702;2378
703;2258
704;2070
705;1881
706;1767
707;1654
708;1589
709;1525
710;1471
711;1417
712;1375
713;1333
714;1298
715;1264
716;1238
717;1213
718;1202
719;1192
720;1183
721;1175
722;1138
723;1102
724;1117
725;1132
726;1119
727;1105
728;1079
729;1053
730;1058
731;1063
732;1057
733;1051
734;1051
735;1050
736;1060
737;1070
738;1055
739;1041
740;1041
741;1041
742;1037
743;1033
744;1034
745;1035
746;1030
747;1025
748;1037
749;1050
750;1054
751;1059
752;1080
753;1102
754;1081
755;1061
756;1064
757;1067
758;1072
759;1078
760;1081
761;1083
762;1089
763;1095
764;1114
765;1132
766;1140
767;1149
768;1157
769;1165
770;1173
771;1180
772;1249
773;1318
774;1333
775;1348
776;1403
777;1458
778;1513
779;1568
780;1721
781;1874
782;2043
783;2212
784;2398
785;2585
786;2665
787;2745
788;2782
789;2819
790;2847
791;2875
792;2809
793;2743
794;2773
795;2804
796;2805
797;2807
798;2785
799;2764
800;2659
801;2554
802;2384
803;2215
804;2019
805;1824
806;1728
807;1632
808;1527
809;1423
810;1345
811;1267
812;1253
813;1239
814;1226
815;1214
816;1185
817;1156
818;1142
819;1128
820;1124
821;1120
822;1105
823;1091
824;1095
825;1100
826;1074
827;1048
828;1044
829;1040
830;1040
831;1041
832;1050
833;1059
834;1061
835;1064
836;1058
837;1053
838;1071
839;1090
840;1090
841;1090
842;1090
843;1091
844;1088
845;1085
846;1114
847;1144
848;1114
849;1084
850;1108
851;1133
852;1169
853;1205
854;1211
855;1216
856;1272
857;1329
858;1397
859;1466
860;1576
861;1687
862;1869
863;2051
864;2254
865;2458
866;2583
867;2709
868;2743
869;2777
870;2757
871;2738
872;2742
873;2747
874;2760
875;2774
876;2711
877;2649
878;2456
879;2264
880;2096
881;1927
882;1756
883;1586
884;1471
885;1357
886;1307
887;1258
888;1208
889;1158
890;1142
891;1126
892;1097
893;1068
894;1066
895;1065
896;1061
897;1058
898;1053
899;1049
900;1024
901;999
902;1024
903;1049
904;1045
905;1041
906;1028
907;1016
908;1009
909;1002
910;997
911;992
912;1033
913;1074
914;1068
915;1061
916;1044
917;1026
918;1026
