# Strom: 4.02 A
# Magnetfeld: -406 mT
# Schnitt bei (663,461)
# Mittelung: 1 Pixel
# Magnetfeldsensor kalibriertPixel ; Red Value
1;1153
2;1108
3;1063
4;1024
5;986
6;960
7;934
8;918
9;902
10;916
11;931
12;927
13;924
14;937
15;951
16;988
17;1026
18;1073
19;1121
20;1250
21;1379
22;1554
23;1729
24;1817
25;1905
26;1929
27;1954
28;2025
29;2096
30;2351
31;2606
32;2637
33;2667
34;2532
35;2398
36;2286
37;2174
38;2179
39;2184
40;2120
41;2057
42;1855
43;1654
44;1500
45;1346
46;1237
47;1128
48;1061
49;994
50;979
51;964
52;968
53;972
54;958
55;944
56;937
57;930
58;921
59;912
60;946
61;980
62;986
63;991
64;1037
65;1082
66;1179
67;1275
68;1452
69;1628
70;1761
71;1895
72;1957
73;2019
74;2050
75;2081
76;2198
77;2315
78;2534
79;2754
80;2755
81;2757
82;2617
83;2477
84;2341
85;2205
86;2212
87;2219
88;2186
89;2153
90;2017
91;1882
92;1658
93;1434
94;1323
95;1212
96;1151
97;1089
98;1067
99;1045
100;1016
101;987
102;971
103;955
104;957
105;959
106;967
107;975
108;956
109;938
110;963
111;988
112;998
113;1009
114;1055
115;1101
116;1171
117;1241
118;1396
119;1552
120;1690
121;1829
122;1941
123;2053
124;2090
125;2126
126;2136
127;2145
128;2284
129;2422
130;2633
131;2844
132;2904
133;2964
134;2781
135;2598
136;2486
137;2375
138;2342
139;2309
140;2329
141;2348
142;2215
143;2081
144;1904
145;1728
146;1589
147;1451
148;1351
149;1252
150;1187
151;1122
152;1095
153;1069
154;1037
155;1006
156;991
157;977
158;963
159;949
160;959
161;970
162;967
163;964
164;981
165;998
166;1006
167;1014
168;1053
169;1093
170;1129
171;1164
172;1243
173;1321
174;1412
175;1504
176;1668
177;1833
178;1951
179;2069
180;2140
181;2212
182;2189
183;2166
184;2236
185;2307
186;2447
187;2587
188;2772
189;2956
190;2989
191;3023
192;2885
193;2748
194;2566
195;2385
196;2345
197;2306
198;2371
199;2436
200;2388
201;2341
202;2211
203;2081
204;1872
205;1663
206;1543
207;1423
208;1323
209;1223
210;1176
211;1129
212;1091
213;1052
214;1073
215;1094
216;1061
217;1029
218;1015
219;1001
220;1008
221;1015
222;1015
223;1015
224;1010
225;1005
226;1010
227;1015
228;1031
229;1047
230;1043
231;1040
232;1095
233;1150
234;1181
235;1212
236;1295
237;1378
238;1476
239;1574
240;1705
241;1836
242;1957
243;2078
244;2135
245;2193
246;2211
247;2230
248;2246
249;2263
250;2364
251;2466
252;2645
253;2825
254;2946
255;3066
256;3099
257;3132
258;3014
259;2896
260;2714
261;2531
262;2445
263;2359
264;2375
265;2391
266;2430
267;2468
268;2430
269;2392
270;2251
271;2110
272;1938
273;1767
274;1658
275;1549
276;1468
277;1387
278;1315
279;1242
280;1191
281;1140
282;1131
283;1122
284;1125
285;1127
286;1103
287;1079
288;1056
289;1033
290;1029
291;1026
292;1040
293;1055
294;1047
295;1039
296;1042
297;1045
298;1027
299;1010
300;1035
301;1061
302;1069
303;1076
304;1098
305;1121
306;1145
307;1169
308;1182
309;1196
310;1276
311;1357
312;1395
313;1433
314;1589
315;1745
316;1846
317;1947
318;2032
319;2117
320;2172
321;2226
322;2268
323;2309
324;2303
325;2297
326;2328
327;2358
328;2420
329;2482
330;2660
331;2837
332;2964
333;3091
334;3179
335;3267
336;3192
337;3117
338;2989
339;2861
340;2710
341;2559
342;2488
343;2417
344;2432
345;2447
346;2424
347;2402
348;2443
349;2485
350;2481
351;2478
352;2371
353;2265
354;2139
355;2013
356;1892
357;1772
358;1692
359;1613
360;1501
361;1389
362;1361
363;1333
364;1278
365;1223
366;1217
367;1212
368;1184
369;1156
370;1152
371;1149
372;1122
373;1096
374;1082
375;1068
376;1081
377;1094
378;1085
379;1076
380;1066
381;1056
382;1045
383;1034
384;1043
385;1052
386;1041
387;1031
388;1027
389;1024
390;1028
391;1032
392;1034
393;1035
394;1045
395;1054
396;1089
397;1123
398;1124
399;1124
400;1141
401;1159
402;1188
403;1217
404;1234
405;1251
406;1297
407;1343
408;1425
409;1507
410;1590
411;1673
412;1744
413;1814
414;1923
415;2033
416;2109
417;2186
418;2238
419;2291
420;2327
421;2363
422;2323
423;2284
424;2312
425;2341
426;2362
427;2383
428;2360
429;2336
430;2421
431;2506
432;2583
433;2660
434;2795
435;2930
436;3023
437;3116
438;3222
439;3329
440;3365
441;3402
442;3354
443;3307
444;3217
445;3128
446;3047
447;2966
448;2845
449;2723
450;2633
451;2543
452;2511
453;2478
454;2475
455;2472
456;2505
457;2537
458;2567
459;2598
460;2600
461;2602
462;2611
463;2619
464;2564
465;2509
466;2467
467;2425
468;2357
469;2290
470;2181
471;2073
472;1960
473;1847
474;1823
475;1800
476;1710
477;1621
478;1565
479;1510
480;1477
481;1444
482;1403
483;1363
484;1341
485;1320
486;1295
487;1271
488;1256
489;1242
490;1225
491;1209
492;1186
493;1164
494;1144
495;1124
496;1132
497;1140
498;1123
499;1107
500;1088
501;1070
502;1070
503;1071
504;1062
505;1053
506;1035
507;1018
508;1039
509;1061
510;1057
511;1052
512;1025
513;998
514;1004
515;1010
516;1014
517;1019
518;1019
519;1020
520;1029
521;1038
522;1041
523;1044
524;1039
525;1034
526;1026
527;1019
528;1013
529;1007
530;1016
531;1026
532;1032
533;1038
534;1029
535;1021
536;1033
537;1046
538;1043
539;1040
540;1046
541;1052
542;1060
543;1067
544;1074
545;1081
546;1078
547;1076
548;1060
549;1044
550;1079
551;1113
552;1098
553;1083
554;1083
555;1082
556;1113
557;1144
558;1153
559;1163
560;1165
561;1166
562;1173
563;1180
564;1191
565;1202
566;1222
567;1243
568;1263
569;1283
570;1287
571;1292
572;1304
573;1317
574;1327
575;1337
576;1351
577;1364
578;1381
579;1398
580;1428
581;1457
582;1471
583;1485
584;1525
585;1565
586;1589
587;1612
588;1619
589;1627
590;1664
591;1701
592;1738
593;1776
594;1804
595;1832
596;1839
597;1845
598;1855
599;1866
600;1900
601;1935
602;1970
603;2004
604;1995
605;1985
606;2006
607;2027
608;2072
609;2118
610;2127
611;2136
612;2152
613;2167
614;2191
615;2214
616;2228
617;2243
618;2243
619;2244
620;2267
621;2290
622;2282
623;2275
624;2306
625;2337
626;2343
627;2349
628;2340
629;2332
630;2360
631;2389
632;2369
633;2349
634;2352
635;2356
636;2355
637;2354
638;2349
639;2344
640;2356
641;2368
642;2395
643;2421
644;2400
645;2378
646;2389
647;2399
648;2406
649;2412
650;2397
651;2382
652;2377
653;2373
654;2356
655;2339
656;2357
657;2376
658;2354
659;2332
660;2333
661;2334
662;2371
663;2409
664;2368
665;2327
666;2356
667;2385
668;2351
669;2317
670;2341
671;2366
672;2379
673;2392
674;2391
675;2390
676;2365
677;2340
678;2342
679;2345
680;2348
681;2351
682;2363
683;2376
684;2357
685;2339
686;2337
687;2336
688;2333
689;2331
690;2325
691;2319
692;2337
693;2356
694;2357
695;2358
696;2300
697;2242
698;2278
699;2314
700;2304
701;2295
702;2273
703;2252
704;2223
705;2194
706;2190
707;2186
708;2200
709;2214
710;2195
711;2177
712;2159
713;2141
714;2118
715;2096
716;2096
717;2095
718;2055
719;2014
720;1999
721;1984
722;1979
723;1974
724;1958
725;1943
726;1903
727;1864
728;1838
729;1812
730;1769
731;1725
732;1722
733;1719
734;1690
735;1662
736;1632
737;1601
738;1573
739;1545
740;1536
741;1527
742;1491
743;1454
744;1430
745;1406
746;1381
747;1356
748;1352
749;1347
750;1333
751;1319
752;1302
753;1286
754;1258
755;1231
756;1216
757;1200
758;1197
759;1194
760;1184
761;1173
762;1159
763;1146
764;1142
765;1138
766;1118
767;1099
768;1109
769;1120
770;1107
771;1095
772;1083
773;1072
774;1065
775;1058
776;1068
777;1078
778;1074
779;1069
780;1054
781;1039
782;1034
783;1030
784;1043
785;1056
786;1037
787;1019
788;1021
789;1024
790;1014
791;1004
792;1026
793;1048
794;1031
795;1015
796;997
797;979
798;1000
799;1022
800;1000
801;977
802;993
803;1009
804;998
805;987
806;994
807;1000
808;1008
809;1016
810;1009
811;1002
812;1015
813;1028
814;1042
815;1056
816;1046
817;1037
818;1059
819;1081
820;1057
821;1033
822;1048
823;1063
824;1072
825;1080
826;1091
827;1102
828;1102
829;1101
830;1115
831;1129
832;1134
833;1140
834;1157
835;1174
836;1205
837;1235
838;1225
839;1215
840;1263
841;1311
842;1359
843;1408
844;1457
845;1506
846;1570
847;1634
848;1700
849;1767
850;1826
851;1885
852;1985
853;2086
854;2129
855;2173
856;2264
857;2355
858;2414
859;2473
860;2480
861;2487
862;2502
863;2517
864;2475
865;2434
866;2454
867;2474
868;2489
869;2505
870;2516
871;2527
872;2552
873;2577
874;2665
875;2754
876;2823
877;2892
878;2951
879;3011
880;3076
881;3140
882;3164
883;3188
884;3186
885;3183
886;3128
887;3074
888;2978
889;2882
890;2814
891;2746
892;2640
893;2534
894;2485
895;2437
896;2404
897;2370
898;2333
899;2295
900;2273
901;2250
902;2248
903;2246
904;2228
905;2211
906;2144
907;2078
908;2007
909;1936
910;1880
911;1825
912;1757
913;1689
914;1627
915;1566
916;1506
917;1447
918;1385
919;1323
920;1272
921;1221
922;1213
923;1205
924;1169
925;1132
926;1105
927;1078
928;1083
929;1088
930;1068
931;1048
932;1036
933;1025
934;1036
935;1047
936;1038
937;1029
938;1032
939;1034
940;1043
941;1051
942;1023
943;996
944;1026
945;1057
946;1042
947;1027
948;1031
949;1036
950;1046
951;1057
952;1065
953;1073
954;1106
955;1140
956;1163
957;1186
958;1251
959;1316
960;1339
961;1363
962;1427
963;1492
964;1597
965;1702
966;1783
967;1865
968;1964
969;2063
970;2168
971;2273
972;2343
973;2414
974;2449
975;2484
976;2489
977;2494
978;2543
979;2591
980;2597
981;2602
982;2687
983;2772
984;2860
985;2949
986;2990
987;3032
988;3045
989;3058
990;2987
991;2916
992;2845
993;2774
994;2668
995;2563
996;2495
997;2427
998;2349
999;2272
1000;2246
1001;2220
1002;2197
1003;2174
1004;2115
1005;2057
1006;1957
1007;1858
1008;1791
1009;1724
1010;1622
1011;1520
1012;1426
1013;1332
1014;1301
1015;1271
1016;1187
1017;1103
1018;1100
1019;1098
1020;1079
1021;1061
1022;1024
1023;986
1024;1005
1025;1024
1026;1009
1027;994
1028;999
1029;1004
1030;983
1031;961
1032;983
1033;1005
1034;1023
1035;1041
1036;1052
1037;1064
1038;1093
1039;1121
1040;1135
1041;1150
1042;1206
1043;1263
1044;1301
1045;1340
1046;1431
1047;1522
1048;1619
1049;1716
1050;1824
1051;1932
1052;2036
1053;2140
1054;2251
1055;2363
1056;2405
1057;2448
1058;2494
1059;2540
1060;2569
1061;2599
1062;2655
1063;2712
1064;2763
1065;2815
1066;2828
1067;2842
1068;2830
1069;2818
1070;2730
1071;2643
1072;2545
1073;2448
1074;2355
1075;2262
1076;2230
1077;2198
1078;2126
1079;2054
1080;1988
1081;1922
1082;1846
1083;1769
1084;1652
1085;1535
1086;1442
1087;1349
1088;1277
1089;1205
1090;1174
1091;1144
1092;1107
1093;1071
1094;1050
1095;1029
1096;1017
1097;1005
1098;992
1099;979
1100;992
1101;1006
1102;1008
1103;1010
1104;1009
1105;1009
1106;1033
1107;1058
1108;1086
1109;1115
1110;1157
1111;1199
1112;1260
1113;1322
1114;1390
1115;1459
1116;1576
1117;1693
1118;1823
1119;1954
1120;2032
1121;2110
1122;2210
1123;2311
1124;2389
1125;2468
1126;2504
1127;2540
1128;2609
1129;2678
1130;2720
1131;2763
1132;2778
1133;2794
1134;2726
1135;2659
1136;2582
1137;2506
1138;2415
1139;2324
1140;2256
1141;2188
1142;2115
1143;2043
1144;1952
1145;1862
1146;1756
1147;1650
1148;1555
1149;1460
1150;1378
1151;1297
1152;1214
1153;1131
1154;1098
1155;1066
1156;1034
1157;1002
1158;993
1159;985
1160;986
1161;988
1162;999
1163;1010
1164;1006
1165;1002
1166;1027
1167;1053
1168;1092
1169;1132
1170;1196
1171;1259
1172;1318
1173;1378
1174;1478
1175;1578
1176;1663
1177;1748
1178;1907
1179;2065
1180;2121
1181;2176
1182;2275
1183;2375
1184;2428
1185;2481
1186;2552
1187;2622
1188;2663
1189;2704
1190;2660
1191;2616
1192;2602
1193;2588
1194;2500
1195;2413
1196;2320
1197;2227
1198;2124
1199;2022
1200;1922
1201;1823
1202;1731
1203;1639
1204;1544
1205;1448
1206;1347
1207;1245
1208;1168
1209;1090
1210;1064
1211;1039
1212;1032
1213;1026
1214;1010
1215;994
1216;1009
1217;1024
1218;1017
1219;1010
1220;1043
1221;1076
1222;1124
1223;1173
1224;1230
1225;1287
1226;1357
1227;1427
1228;1549
1229;1671
1230;1774
1231;1877
1232;2012
1233;2147
1234;2225
1235;2303
1236;2381
1237;2459
1238;2483
1239;2508
1240;2548
1241;2589
1242;2555
1243;2522
1244;2475
1245;2429
1246;2343
1247;2257
1248;2138
1249;2020
1250;1932
1251;1845
1252;1762
1253;1679
1254;1564
1255;1449
1256;1371
1257;1293
1258;1220
1259;1148
1260;1097
1261;1045
1262;1029
1263;1012
1264;992
1265;972
1266;1005
1267;1039
1268;1041
1269;1043
1270;1078
1271;1113
1272;1170
1273;1226
1274;1302
1275;1377
1276;1502
1277;1627
1278;1695
1279;1762
1280;1893
1281;2024
1282;2129
1283;2234
1284;2305
1285;2376
1286;2437
1287;2498
1288;2478
1289;2459
1290;2441
1291;2424
1292;2361
1293;2299
1294;2207
1295;2115
1296;2012
1297;1909
1298;1803
1299;1698
1300;1618
1301;1537
1302;1415
1303;1293
1304;1222
1305;1151
1306;1107
1307;1064
1308;1034
1309;1005
1310;1012
1311;1019
1312;1009
1313;1000
1314;1036
1315;1072
1316;1130
1317;1189
1318;1271
1319;1353
1320;1411
1321;1469
1322;1567
1323;1664
1324;1774
1325;1883
1326;2000
1327;2117
1328;2204
1329;2290
1330;2330
1331;2370
1332;2360
1333;2350
1334;2337
1335;2324
1336;2254
1337;2185
1338;2106
1339;2028
1340;1908
1341;1789
1342;1677
1343;1565
1344;1480
1345;1395
1346;1307
1347;1219
1348;1159
1349;1099
1350;1049
1351;1000
1352;1012
1353;1025
1354;1023
1355;1020
1356;1069
1357;1118
1358;1148
1359;1177
1360;1261
1361;1345
1362;1447
1363;1550
1364;1624
1365;1698
1366;1783
1367;1868
1368;1868
