# Strom: 4.02 A
# Magnetfeld: -406 mT
# Schnitt bei (663,461)
# Mittelung: 1 Pixel
# Magnetfeldsensor kalibriertPixel ; Red Value
1;2027
2;1951
3;1875
4;1749
5;1623
6;1496
7;1369
8;1266
9;1164
10;1111
11;1058
12;1024
13;990
14;956
15;922
16;920
17;918
18;900
19;882
20;876
21;870
22;878
23;886
24;887
25;889
26;883
27;877
28;889
29;902
30;943
31;983
32;994
33;1006
34;1016
35;1026
36;1099
37;1172
38;1258
39;1344
40;1470
41;1597
42;1707
43;1817
44;1858
45;1899
46;1931
47;1962
48;1980
49;1999
50;2046
51;2093
52;2196
53;2299
54;2460
55;2622
56;2696
57;2771
58;2721
59;2671
60;2521
61;2371
62;2269
63;2167
64;2178
65;2189
66;2189
67;2188
68;2200
69;2212
70;2120
71;2029
72;1901
73;1774
74;1639
75;1505
76;1437
77;1369
78;1280
79;1191
80;1154
81;1117
82;1079
83;1042
84;1036
85;1031
86;1031
87;1032
88;1003
89;975
90;971
91;968
92;958
93;949
94;960
95;971
96;951
97;930
98;951
99;972
100;989
101;1006
102;1001
103;996
104;1026
105;1057
106;1082
107;1108
108;1129
109;1151
110;1185
111;1220
112;1293
113;1367
114;1490
115;1614
116;1712
117;1810
118;1916
119;2023
120;2123
121;2224
122;2231
123;2238
124;2253
125;2268
126;2247
127;2226
128;2296
129;2366
130;2455
131;2544
132;2664
133;2784
134;2919
135;3055
136;3042
137;3029
138;2940
139;2851
140;2691
141;2532
142;2455
143;2378
144;2310
145;2243
146;2256
147;2270
148;2309
149;2348
150;2337
151;2326
152;2235
153;2145
154;2048
155;1951
156;1835
157;1720
158;1603
159;1486
160;1414
161;1343
162;1281
163;1219
164;1183
165;1146
166;1125
167;1103
168;1081
169;1059
170;1045
171;1031
172;1018
173;1004
174;992
175;980
176;982
177;985
178;972
179;960
180;943
181;927
182;942
183;957
184;959
185;962
186;938
187;915
188;936
189;957
190;957
191;957
192;981
193;1006
194;997
195;988
196;998
197;1009
198;1033
199;1058
200;1055
201;1052
202;1090
203;1128
204;1141
205;1153
206;1185
207;1217
208;1281
209;1345
210;1392
211;1439
212;1517
213;1595
214;1710
215;1826
216;1917
217;2007
218;2043
219;2079
220;2123
221;2167
222;2190
223;2213
224;2201
225;2189
226;2201
227;2214
228;2217
229;2221
230;2241
231;2262
232;2313
233;2365
234;2471
235;2578
236;2694
237;2811
238;2938
239;3065
240;3118
241;3170
242;3161
243;3152
244;3123
245;3093
246;3011
247;2928
248;2806
249;2685
250;2619
251;2553
252;2477
253;2402
254;2382
255;2362
256;2385
257;2408
258;2413
259;2419
260;2478
261;2536
262;2531
263;2527
264;2519
265;2511
266;2453
267;2395
268;2350
269;2306
270;2207
271;2107
272;2025
273;1943
274;1862
275;1781
276;1715
277;1650
278;1608
279;1567
280;1501
281;1436
282;1395
283;1354
284;1336
285;1318
286;1270
287;1222
288;1208
289;1194
290;1180
291;1166
292;1158
293;1150
294;1142
295;1133
296;1104
297;1076
298;1067
299;1059
300;1042
301;1026
302;1023
303;1021
304;1029
305;1036
306;1022
307;1009
308;1012
309;1015
310;1012
311;1010
312;1000
313;990
314;991
315;992
316;978
317;965
318;975
319;986
320;983
321;980
322;959
323;938
324;948
325;959
326;967
327;976
328;967
329;958
330;970
331;983
332;990
333;998
334;989
335;980
336;980
337;980
338;995
339;1010
340;996
341;983
342;984
343;986
344;986
345;987
346;1010
347;1033
348;1017
349;1002
350;1008
351;1013
352;1001
353;989
354;1009
355;1030
356;1043
357;1057
358;1060
359;1063
360;1075
361;1087
362;1085
363;1084
364;1093
365;1101
366;1110
367;1118
368;1135
369;1152
370;1167
371;1182
372;1193
373;1204
374;1224
375;1244
376;1262
377;1280
378;1299
379;1319
380;1319
381;1320
382;1344
383;1369
384;1397
385;1425
386;1467
387;1508
388;1529
389;1549
390;1567
391;1586
392;1623
393;1660
394;1674
395;1689
396;1712
397;1735
398;1792
399;1849
400;1842
401;1834
402;1855
403;1875
404;1900
405;1925
406;1954
407;1984
408;1997
409;2011
410;2041
411;2071
412;2086
413;2101
414;2138
415;2175
416;2185
417;2194
418;2210
419;2227
420;2258
421;2289
422;2276
423;2263
424;2282
425;2302
426;2346
427;2390
428;2368
429;2346
430;2345
431;2344
432;2351
433;2358
434;2357
435;2357
436;2375
437;2393
438;2391
439;2389
440;2393
441;2397
442;2418
443;2439
444;2447
445;2455
446;2428
447;2401
448;2430
449;2459
450;2454
451;2449
452;2471
453;2492
454;2440
455;2388
456;2403
457;2418
458;2413
459;2408
460;2367
461;2326
462;2368
463;2411
464;2401
465;2391
466;2330
467;2269
468;2294
469;2319
470;2307
471;2296
472;2289
473;2283
474;2244
475;2206
476;2238
477;2271
478;2267
479;2263
480;2263
481;2263
482;2264
483;2265
484;2261
485;2257
486;2253
487;2250
488;2220
489;2190
490;2202
491;2215
492;2203
493;2192
494;2180
495;2168
496;2168
497;2168
498;2144
499;2120
500;2146
501;2173
502;2170
503;2167
504;2148
505;2129
506;2125
507;2122
508;2091
509;2060
510;2045
511;2030
512;2032
513;2035
514;2016
515;1998
516;1977
517;1957
518;1974
519;1992
520;1960
521;1928
522;1922
523;1917
524;1888
525;1859
526;1818
527;1777
528;1746
529;1716
530;1718
531;1720
532;1697
533;1673
534;1628
535;1584
536;1586
537;1589
538;1550
539;1511
540;1493
541;1476
542;1457
543;1438
544;1442
545;1446
546;1402
547;1358
548;1346
549;1334
550;1313
551;1292
552;1286
553;1280
554;1260
555;1241
556;1233
557;1226
558;1197
559;1169
560;1165
561;1162
562;1174
563;1187
564;1160
565;1134
566;1122
567;1110
568;1118
569;1126
570;1087
571;1049
572;1094
573;1138
574;1113
575;1088
576;1091
577;1094
578;1085
579;1077
580;1074
581;1072
582;1057
583;1041
584;1047
585;1052
586;1063
587;1073
588;1063
589;1052
590;1047
591;1042
592;1062
593;1082
594;1063
595;1044
596;1040
597;1037
598;1038
599;1040
600;1044
601;1049
602;1043
603;1037
604;1045
605;1054
606;1043
607;1032
608;1043
609;1055
610;1081
611;1106
612;1071
613;1037
614;1059
615;1081
616;1081
617;1081
618;1092
619;1103
620;1096
621;1090
622;1100
623;1110
624;1096
625;1082
626;1089
627;1097
628;1127
629;1158
630;1170
631;1182
632;1178
633;1175
634;1220
635;1265
636;1271
637;1278
638;1284
639;1290
640;1317
641;1345
642;1384
643;1424
644;1462
645;1500
646;1530
647;1560
648;1615
649;1669
650;1724
651;1779
652;1866
653;1953
654;2008
655;2063
656;2118
657;2173
658;2235
659;2297
660;2327
661;2357
662;2386
663;2415
664;2430
665;2444
666;2425
667;2407
668;2410
669;2413
670;2414
671;2416
672;2395
673;2374
674;2414
675;2453
676;2500
677;2547
678;2586
679;2626
680;2695
681;2763
682;2817
683;2871
684;2919
685;2966
686;2925
687;2885
688;2868
689;2851
690;2746
691;2641
692;2565
693;2490
694;2390
695;2289
696;2246
697;2203
698;2156
699;2109
700;2097
701;2084
702;2084
703;2083
704;2057
705;2030
706;2037
707;2045
708;2016
709;1988
710;1921
711;1855
712;1810
713;1765
714;1695
715;1626
716;1552
717;1479
718;1427
719;1374
720;1312
721;1251
722;1237
723;1224
724;1206
725;1187
726;1172
727;1158
728;1131
729;1104
730;1073
731;1042
732;1058
733;1073
734;1062
735;1051
736;1041
737;1032
738;1046
739;1060
740;1060
741;1060
742;1064
743;1068
744;1072
745;1077
746;1080
747;1083
748;1085
749;1086
750;1119
751;1152
752;1137
753;1123
754;1177
755;1232
756;1273
757;1313
758;1318
759;1324
760;1384
761;1444
762;1479
763;1514
764;1577
765;1640
766;1741
767;1841
768;1924
769;2007
770;2109
771;2211
772;2328
773;2445
774;2519
775;2593
776;2632
777;2670
778;2679
779;2688
780;2664
781;2641
782;2658
783;2675
784;2686
785;2697
786;2751
787;2806
788;2880
789;2955
790;3011
791;3068
792;3042
793;3017
794;2904
795;2792
796;2659
797;2526
798;2406
799;2287
800;2224
801;2162
802;2140
803;2118
804;2107
805;2096
806;2058
807;2021
808;1937
809;1853
810;1781
811;1709
812;1621
813;1534
814;1454
815;1374
816;1311
817;1249
818;1215
819;1181
820;1142
821;1104
822;1093
823;1083
824;1064
825;1046
826;1046
827;1047
828;1048
829;1049
830;1058
831;1067
832;1053
833;1039
834;1065
835;1091
836;1090
837;1088
838;1121
839;1154
840;1180
841;1207
842;1252
843;1298
844;1332
845;1366
846;1392
847;1418
848;1487
849;1557
850;1647
851;1738
852;1814
853;1891
854;1972
855;2053
856;2152
857;2252
858;2273
859;2295
860;2330
861;2365
862;2349
863;2333
864;2322
865;2311
866;2382
867;2453
868;2552
869;2652
870;2668
871;2685
872;2561
873;2437
874;2324
875;2210
876;2102
877;1994
878;1961
879;1929
880;1921
881;1913
882;1883
883;1852
884;1791
885;1730
886;1628
887;1527
888;1438
889;1350
890;1285
891;1220
892;1171
893;1123
894;1118
895;1112
896;1093
897;1074
898;1057
899;1040
900;1057
901;1074
902;1093
903;1112
904;1110
905;1109
906;1125
907;1141
908;1191
909;1241
910;1240
911;1240
912;1298
913;1356
914;1404
915;1453
916;1509
917;1566
918;1566
