# Strom: 6.55 A
# Magnetfeld: -568 mT
# Schnitt bei (663,461)
# Mittelung: 1 Pixel
# Magnetfeldsensor kalibriertPixel ; Red Value
1;1618
2;1461
3;1305
4;1183
5;1062
6;1048
7;1033
8;999
9;964
10;968
11;971
12;990
13;1009
14;1060
15;1110
16;1243
17;1375
18;1528
19;1681
20;1733
21;1784
22;1776
23;1768
24;1711
25;1655
26;1659
27;1664
28;1823
29;1983
30;2307
31;2632
32;2681
33;2730
34;2488
35;2246
36;2028
37;1810
38;1775
39;1740
40;1828
41;1917
42;1994
43;2072
44;1989
45;1907
46;1727
47;1547
48;1412
49;1277
50;1198
51;1120
52;1078
53;1036
54;1019
55;1003
56;1002
57;1002
58;1008
59;1013
60;1068
61;1123
62;1240
63;1357
64;1476
65;1595
66;1692
67;1790
68;1828
69;1867
70;1830
71;1793
72;1761
73;1730
74;1781
75;1832
76;2011
77;2190
78;2464
79;2738
80;2781
81;2824
82;2561
83;2297
84;2101
85;1905
86;1810
87;1715
88;1805
89;1895
90;2012
91;2130
92;2116
93;2102
94;1965
95;1829
96;1654
97;1479
98;1358
99;1238
100;1181
101;1125
102;1086
103;1048
104;1038
105;1028
106;1039
107;1050
108;1046
109;1042
110;1115
111;1189
112;1255
113;1321
114;1443
115;1566
116;1696
117;1827
118;1900
119;1974
120;1966
121;1957
122;1907
123;1857
124;1827
125;1798
126;1846
127;1895
128;2110
129;2325
130;2589
131;2854
132;2887
133;2921
134;2720
135;2519
136;2253
137;1987
138;1912
139;1838
140;1839
141;1840
142;1975
143;2110
144;2157
145;2205
146;2176
147;2146
148;1950
149;1754
150;1619
151;1483
152;1383
153;1284
154;1220
155;1156
156;1135
157;1114
158;1079
159;1043
160;1052
161;1060
162;1065
163;1071
164;1093
165;1116
166;1182
167;1248
168;1331
169;1415
170;1542
171;1670
172;1781
173;1892
174;1971
175;2050
176;2042
177;2035
178;1984
179;1933
180;1864
181;1796
182;1816
183;1837
184;1963
185;2090
186;2314
187;2538
188;2779
189;3021
190;3020
191;3020
192;2834
193;2649
194;2441
195;2234
196;2054
197;1874
198;1838
199;1801
200;1899
201;1997
202;2098
203;2200
204;2268
205;2335
206;2208
207;2081
208;1921
209;1762
210;1632
211;1502
212;1408
213;1314
214;1249
215;1184
216;1166
217;1148
218;1123
219;1099
220;1087
221;1075
222;1087
223;1099
224;1131
225;1164
226;1161
227;1159
228;1207
229;1256
230;1300
231;1345
232;1459
233;1572
234;1695
235;1819
236;1885
237;1952
238;2009
239;2066
240;2043
241;2021
242;1986
243;1951
244;1939
245;1928
246;1900
247;1873
248;1928
249;1984
250;2139
251;2295
252;2534
253;2774
254;2963
255;3152
256;3119
257;3087
258;2956
259;2826
260;2579
261;2333
262;2197
263;2061
264;1958
265;1856
266;1874
267;1892
268;1969
269;2045
270;2149
271;2253
272;2312
273;2371
274;2314
275;2256
276;2125
277;1994
278;1869
279;1745
280;1638
281;1532
282;1445
283;1358
284;1300
285;1243
286;1224
287;1205
288;1201
289;1196
290;1171
291;1145
292;1147
293;1150
294;1129
295;1109
296;1110
297;1111
298;1124
299;1138
300;1174
301;1211
302;1256
303;1301
304;1375
305;1450
306;1519
307;1589
308;1699
309;1809
310;1892
311;1974
312;2056
313;2139
314;2160
315;2181
316;2140
317;2100
318;2047
319;1995
320;1982
321;1969
322;1944
323;1920
324;1918
325;1916
326;1992
327;2067
328;2200
329;2334
330;2566
331;2798
332;2981
333;3165
334;3247
335;3330
336;3268
337;3206
338;3004
339;2802
340;2618
341;2434
342;2301
343;2167
344;2049
345;1931
346;1918
347;1905
348;1921
349;1938
350;2007
351;2077
352;2192
353;2306
354;2367
355;2427
356;2420
357;2414
358;2371
359;2329
360;2214
361;2100
362;2000
363;1901
364;1796
365;1691
366;1612
367;1533
368;1472
369;1412
370;1349
371;1286
372;1277
373;1268
374;1240
375;1212
376;1212
377;1212
378;1182
379;1151
380;1154
381;1156
382;1153
383;1150
384;1135
385;1120
386;1133
387;1146
388;1152
389;1157
390;1172
391;1186
392;1218
393;1251
394;1264
395;1277
396;1327
397;1377
398;1440
399;1504
400;1569
401;1634
402;1714
403;1795
404;1854
405;1914
406;1998
407;2082
408;2142
409;2202
410;2217
411;2233
412;2195
413;2157
414;2155
415;2153
416;2143
417;2133
418;2108
419;2083
420;2040
421;1997
422;1973
423;1950
424;1931
425;1913
426;1945
427;1977
428;2057
429;2136
430;2237
431;2337
432;2471
433;2606
434;2765
435;2925
436;3061
437;3197
438;3314
439;3430
440;3437
441;3444
442;3383
443;3322
444;3216
445;3109
446;2974
447;2840
448;2690
449;2540
450;2450
451;2359
452;2248
453;2136
454;2085
455;2034
456;2025
457;2017
458;1991
459;1966
460;1987
461;2008
462;2021
463;2034
464;2110
465;2187
466;2225
467;2262
468;2323
469;2383
470;2428
471;2474
472;2465
473;2457
474;2452
475;2448
476;2421
477;2395
478;2359
479;2323
480;2238
481;2154
482;2098
483;2043
484;1961
485;1879
486;1811
487;1743
488;1690
489;1637
490;1587
491;1538
492;1508
493;1478
494;1462
495;1446
496;1383
497;1321
498;1294
499;1267
500;1283
501;1299
502;1262
503;1224
504;1225
505;1227
506;1202
507;1178
508;1173
509;1169
510;1174
511;1179
512;1173
513;1167
514;1137
515;1108
516;1114
517;1121
518;1115
519;1109
520;1109
521;1109
522;1112
523;1115
524;1112
525;1109
526;1107
527;1105
528;1110
529;1116
530;1123
531;1130
532;1156
533;1183
534;1174
535;1164
536;1184
537;1204
538;1205
539;1206
540;1213
541;1219
542;1238
543;1256
544;1273
545;1290
546;1295
547;1300
548;1320
549;1340
550;1362
551;1384
552;1394
553;1405
554;1422
555;1439
556;1489
557;1539
558;1561
559;1584
560;1624
561;1664
562;1660
563;1656
564;1705
565;1754
566;1795
567;1837
568;1885
569;1933
570;1948
571;1962
572;1984
573;2007
574;2035
575;2064
576;2083
577;2103
578;2113
579;2124
580;2142
581;2160
582;2150
583;2141
584;2190
585;2240
586;2233
587;2226
588;2227
589;2228
590;2205
591;2182
592;2225
593;2269
594;2277
595;2285
596;2249
597;2213
598;2226
599;2239
600;2231
601;2224
602;2206
603;2187
604;2199
605;2212
606;2215
607;2218
608;2206
609;2195
610;2175
611;2156
612;2153
613;2151
614;2137
615;2123
616;2124
617;2126
618;2128
619;2130
620;2104
621;2078
622;2078
623;2078
624;2081
625;2084
626;2066
627;2049
628;2041
629;2033
630;2051
631;2069
632;2051
633;2034
634;2032
635;2030
636;2024
637;2019
638;2006
639;1993
640;1988
641;1983
642;1985
643;1986
644;1996
645;2007
646;1999
647;1991
648;1990
649;1990
650;1967
651;1944
652;1985
653;2025
654;2007
655;1989
656;1985
657;1982
658;1971
659;1961
660;1986
661;2011
662;1997
663;1983
664;1981
665;1980
666;1979
667;1978
668;1978
669;1979
670;1992
671;2005
672;1972
673;1939
674;1986
675;2033
676;2013
677;1992
678;1962
679;1933
680;1995
681;2057
682;2016
683;1976
684;1989
685;2003
686;2009
687;2015
688;2027
689;2039
690;2025
691;2012
692;2013
693;2015
694;2044
695;2074
696;2053
697;2032
698;2030
699;2028
700;2039
701;2050
702;2071
703;2092
704;2102
705;2113
706;2103
707;2093
708;2092
709;2091
710;2098
711;2105
712;2112
713;2119
714;2127
715;2135
716;2141
717;2147
718;2166
719;2186
720;2183
721;2181
722;2206
723;2232
724;2202
725;2172
726;2195
727;2219
728;2209
729;2200
730;2199
731;2198
732;2184
733;2171
734;2179
735;2188
736;2176
737;2164
738;2165
739;2166
740;2167
741;2169
742;2157
743;2146
744;2125
745;2104
746;2087
747;2071
748;2042
749;2014
750;2007
751;2000
752;1962
753;1925
754;1910
755;1895
756;1886
757;1877
758;1816
759;1754
760;1741
761;1729
762;1684
763;1640
764;1610
765;1580
766;1557
767;1535
768;1486
769;1437
770;1435
771;1433
772;1411
773;1389
774;1351
775;1313
776;1299
777;1285
778;1279
779;1274
780;1244
781;1215
782;1214
783;1213
784;1203
785;1194
786;1174
787;1153
788;1143
789;1133
790;1137
791;1140
792;1152
793;1164
794;1149
795;1133
796;1113
797;1093
798;1103
799;1113
800;1102
801;1091
802;1095
803;1099
804;1098
805;1098
806;1111
807;1124
808;1116
809;1109
810;1123
811;1137
812;1121
813;1105
814;1133
815;1161
816;1156
817;1152
818;1167
819;1182
820;1194
821;1207
822;1216
823;1224
824;1245
825;1265
826;1282
827;1299
828;1325
829;1351
830;1401
831;1452
832;1472
833;1493
834;1547
835;1602
836;1662
837;1723
838;1804
839;1884
840;1939
841;1993
842;2046
843;2100
844;2162
845;2225
846;2280
847;2335
848;2387
849;2440
850;2385
851;2331
852;2365
853;2399
854;2328
855;2257
856;2215
857;2173
858;2107
859;2041
860;2025
861;2010
862;2001
863;1992
864;1975
865;1958
866;1992
867;2025
868;2059
869;2093
870;2134
871;2176
872;2319
873;2461
874;2502
875;2542
876;2688
877;2833
878;2894
879;2955
880;3039
881;3123
882;3200
883;3278
884;3214
885;3150
886;3076
887;3003
888;2921
889;2840
890;2688
891;2536
892;2438
893;2339
894;2247
895;2155
896;2105
897;2055
898;2018
899;1981
900;1983
901;1985
902;1968
903;1951
904;2000
905;2048
906;2050
907;2052
908;2088
909;2125
910;2137
911;2150
912;2135
913;2121
914;2115
915;2110
916;2056
917;2002
918;1948
919;1894
920;1815
921;1735
922;1702
923;1668
924;1610
925;1552
926;1462
927;1372
928;1343
929;1314
930;1280
931;1246
932;1231
933;1216
934;1178
935;1140
936;1124
937;1109
938;1133
939;1158
940;1144
941;1131
942;1145
943;1158
944;1153
945;1148
946;1172
947;1196
948;1201
949;1206
950;1254
951;1302
952;1321
953;1340
954;1413
955;1486
956;1573
957;1660
958;1717
959;1775
960;1879
961;1984
962;2054
963;2124
964;2207
965;2291
966;2295
967;2300
968;2318
969;2336
970;2285
971;2235
972;2199
973;2163
974;2110
975;2058
976;2078
977;2098
978;2135
979;2173
980;2304
981;2436
982;2539
983;2642
984;2717
985;2792
986;2897
987;3003
988;3034
989;3065
990;3000
991;2936
992;2809
993;2682
994;2569
995;2457
996;2322
997;2187
998;2126
999;2066
1000;2018
1001;1971
1002;1977
1003;1984
1004;2022
1005;2061
1006;2048
1007;2036
1008;2059
1009;2083
1010;2049
1011;2015
1012;1980
1013;1946
1014;1835
1015;1725
1016;1631
1017;1538
1018;1479
1019;1420
1020;1330
1021;1240
1022;1218
1023;1196
1024;1188
1025;1180
1026;1147
1027;1114
1028;1108
1029;1102
1030;1106
1031;1111
1032;1127
1033;1143
1034;1157
1035;1171
1036;1216
1037;1261
1038;1299
1039;1337
1040;1417
1041;1497
1042;1565
1043;1633
1044;1741
1045;1849
1046;1946
1047;2043
1048;2106
1049;2170
1050;2191
1051;2212
1052;2175
1053;2139
1054;2122
1055;2105
1056;2083
1057;2061
1058;2103
1059;2145
1060;2221
1061;2298
1062;2450
1063;2602
1064;2673
1065;2744
1066;2811
1067;2877
1068;2823
1069;2768
1070;2668
1071;2568
1072;2427
1073;2287
1074;2186
1075;2085
1076;2051
1077;2018
1078;1965
1079;1912
1080;1936
1081;1961
1082;1954
1083;1948
1084;1951
1085;1955
1086;1903
1087;1850
1088;1754
1089;1658
1090;1580
1091;1503
1092;1427
1093;1351
1094;1304
1095;1258
1096;1213
1097;1167
1098;1142
1099;1118
1100;1105
1101;1092
1102;1111
1103;1130
1104;1161
1105;1192
1106;1226
1107;1261
1108;1337
1109;1414
1110;1511
1111;1608
1112;1653
1113;1698
1114;1794
1115;1890
1116;1977
1117;2065
1118;2127
1119;2188
1120;2163
1121;2139
1122;2152
1123;2166
1124;2144
1125;2123
1126;2196
1127;2270
1128;2344
1129;2418
1130;2516
1131;2614
1132;2649
1133;2684
1134;2617
1135;2550
1136;2473
1137;2396
1138;2296
1139;2197
1140;2081
1141;1965
1142;1942
1143;1919
1144;1913
1145;1907
1146;1914
1147;1921
1148;1887
1149;1853
1150;1774
1151;1694
1152;1619
1153;1545
1154;1461
1155;1378
1156;1303
1157;1227
1158;1203
1159;1179
1160;1154
1161;1129
1162;1146
1163;1163
1164;1173
1165;1183
1166;1227
1167;1270
1168;1338
1169;1405
1170;1472
1171;1539
1172;1647
1173;1756
1174;1843
1175;1931
1176;1995
1177;2060
1178;2074
1179;2089
1180;2101
1181;2114
1182;2131
1183;2149
1184;2200
1185;2252
1186;2341
1187;2430
1188;2461
1189;2491
1190;2523
1191;2555
1192;2549
1193;2543
1194;2403
1195;2264
1196;2173
1197;2083
1198;2018
1199;1954
1200;1956
1201;1958
1202;1911
1203;1864
1204;1818
1205;1771
1206;1692
1207;1612
1208;1541
1209;1470
1210;1388
1211;1306
1212;1255
1213;1205
1214;1180
1215;1155
1216;1154
1217;1154
1218;1204
1219;1255
1220;1264
1221;1274
1222;1357
1223;1440
1224;1533
1225;1626
1226;1714
1227;1803
1228;1875
1229;1948
1230;1998
1231;2048
1232;2064
1233;2081
1234;2101
1235;2122
1236;2184
1237;2246
1238;2280
1239;2315
1240;2367
1241;2419
1242;2437
1243;2455
1244;2379
1245;2304
1246;2226
1247;2149
1248;2057
1249;1966
1250;1921
1251;1877
1252;1832
1253;1787
1254;1734
1255;1681
1256;1633
1257;1585
1258;1525
1259;1465
1260;1396
1261;1328
1262;1264
1263;1200
1264;1185
1265;1171
1266;1181
1267;1191
1268;1213
1269;1236
1270;1299
1271;1363
1272;1450
1273;1538
1274;1593
1275;1648
1276;1733
1277;1818
1278;1894
1279;1971
1280;2038
1281;2106
1282;2130
1283;2155
1284;2158
1285;2162
1286;2246
1287;2330
1288;2318
1289;2306
1290;2345
1291;2384
1292;2298
1293;2212
1294;2152
1295;2093
1296;1969
1297;1846
1298;1807
1299;1768
1300;1729
1301;1691
1302;1653
1303;1615
1304;1519
1305;1423
1306;1378
1307;1333
1308;1304
1309;1275
1310;1237
1311;1200
1312;1190
1313;1180
1314;1250
1315;1321
1316;1387
1317;1454
1318;1527
1319;1601
1320;1680
1321;1760
1322;1821
1323;1882
1324;1944
1325;2006
1326;2054
1327;2102
1328;2124
1329;2147
1330;2193
1331;2239
1332;2247
1333;2255
1334;2264
1335;2273
1336;2201
1337;2130
1338;2053
1339;1975
1340;1918
1341;1860
1342;1798
1343;1736
1344;1667
1345;1598
1346;1559
1347;1520
1348;1441
1349;1363
1350;1328
1351;1294
1352;1251
1353;1208
1354;1208
1355;1208
1356;1237
1357;1267
1358;1326
1359;1385
1360;1453
1361;1522
1362;1617
1363;1712
1364;1758
1365;1805
1366;1921
1367;2038
1368;2038
