# Strom: 7.62 A
# Magnetfeld: -599 mT
# Schnitt bei (663,461)
# Mittelung: 1 Pixel
# Magnetfeldsensor kalibriertPixel ; Red Value
1;1903
2;1702
3;1500
4;1391
5;1281
6;1200
7;1118
8;1088
9;1058
10;1062
11;1067
12;1104
13;1141
14;1232
15;1323
16;1470
17;1618
18;1731
19;1844
20;1887
21;1931
22;1883
23;1836
24;1793
25;1751
26;1739
27;1727
28;1925
29;2123
30;2452
31;2781
32;2845
33;2909
34;2685
35;2460
36;2180
37;1900
38;1805
39;1711
40;1782
41;1853
42;1970
43;2087
44;2141
45;2195
46;2028
47;1861
48;1681
49;1501
50;1387
51;1272
52;1204
53;1136
54;1116
55;1097
56;1089
57;1081
58;1119
59;1157
60;1217
61;1276
62;1414
63;1551
64;1703
65;1854
66;1919
67;1983
68;1973
69;1962
70;1920
71;1877
72;1830
73;1783
74;1826
75;1869
76;2134
77;2399
78;2698
79;2997
80;3002
81;3007
82;2797
83;2587
84;2285
85;1984
86;1860
87;1737
88;1788
89;1839
90;1980
91;2122
92;2186
93;2251
94;2194
95;2137
96;1928
97;1720
98;1565
99;1410
100;1322
101;1234
102;1201
103;1167
104;1143
105;1119
106;1107
107;1095
108;1117
109;1139
110;1226
111;1313
112;1408
113;1504
114;1651
115;1798
116;1909
117;2019
118;2058
119;2097
120;2054
121;2011
122;1953
123;1895
124;1854
125;1813
126;1879
127;1945
128;2224
129;2504
130;2777
131;3050
132;3119
133;3188
134;2970
135;2753
136;2454
137;2156
138;2010
139;1863
140;1848
141;1832
142;1930
143;2027
144;2162
145;2297
146;2324
147;2351
148;2222
149;2093
150;1943
151;1794
152;1628
153;1462
154;1366
155;1270
156;1230
157;1190
158;1168
159;1145
160;1159
161;1173
162;1172
163;1171
164;1194
165;1217
166;1338
167;1460
168;1577
169;1695
170;1821
171;1948
172;2023
173;2098
174;2124
175;2150
176;2127
177;2105
178;2057
179;2009
180;1928
181;1847
182;1895
183;1943
184;2074
185;2205
186;2447
187;2689
188;2997
189;3306
190;3269
191;3232
192;3047
193;2863
194;2591
195;2319
196;2151
197;1982
198;1910
199;1839
200;1905
201;1972
202;2085
203;2197
204;2318
205;2438
206;2399
207;2360
208;2238
209;2116
210;1953
211;1790
212;1654
213;1518
214;1456
215;1395
216;1335
217;1275
218;1232
219;1189
220;1186
221;1184
222;1182
223;1180
224;1194
225;1208
226;1269
227;1330
228;1364
229;1399
230;1505
231;1610
232;1722
233;1833
234;1954
235;2074
236;2138
237;2203
238;2216
239;2229
240;2168
241;2108
242;2070
243;2033
244;1979
245;1925
246;1932
247;1938
248;2023
249;2107
250;2261
251;2415
252;2722
253;3030
254;3231
255;3433
256;3453
257;3473
258;3258
259;3044
260;2773
261;2502
262;2326
263;2149
264;2052
265;1955
266;1930
267;1906
268;1980
269;2055
270;2145
271;2235
272;2368
273;2501
274;2511
275;2521
276;2430
277;2339
278;2213
279;2086
280;1950
281;1813
282;1709
283;1605
284;1530
285;1455
286;1406
287;1357
288;1324
289;1290
290;1258
291;1225
292;1222
293;1220
294;1211
295;1203
296;1213
297;1223
298;1245
299;1267
300;1327
301;1387
302;1466
303;1544
304;1629
305;1713
306;1824
307;1934
308;2043
309;2153
310;2171
311;2190
312;2242
313;2295
314;2279
315;2264
316;2202
317;2140
318;2076
319;2013
320;1979
321;1946
322;1937
323;1929
324;1967
325;2005
326;2090
327;2176
328;2378
329;2581
330;2808
331;3036
332;3249
333;3462
334;3578
335;3695
336;3567
337;3439
338;3236
339;3033
340;2830
341;2627
342;2432
343;2237
344;2141
345;2046
346;2012
347;1979
348;1985
349;1992
350;2019
351;2047
352;2154
353;2262
354;2335
355;2409
356;2489
357;2569
358;2594
359;2619
360;2555
361;2492
362;2364
363;2235
364;2150
365;2064
366;1953
367;1842
368;1742
369;1642
370;1601
371;1560
372;1478
373;1395
374;1362
375;1329
376;1311
377;1293
378;1270
379;1247
380;1253
381;1258
382;1251
383;1244
384;1236
385;1228
386;1244
387;1261
388;1288
389;1316
390;1312
391;1308
392;1337
393;1366
394;1442
395;1517
396;1578
397;1640
398;1708
399;1777
400;1844
401;1911
402;2016
403;2121
404;2164
405;2208
406;2254
407;2301
408;2318
409;2335
410;2355
411;2375
412;2338
413;2302
414;2239
415;2177
416;2156
417;2135
418;2095
419;2055
420;2056
421;2057
422;2027
423;1998
424;2019
425;2040
426;2068
427;2095
428;2178
429;2262
430;2375
431;2488
432;2653
433;2819
434;2973
435;3127
436;3303
437;3480
438;3610
439;3741
440;3733
441;3725
442;3679
443;3633
444;3539
445;3446
446;3252
447;3058
448;2932
449;2806
450;2674
451;2542
452;2440
453;2338
454;2274
455;2210
456;2118
457;2027
458;2041
459;2056
460;2050
461;2045
462;2057
463;2070
464;2099
465;2129
466;2179
467;2229
468;2287
469;2345
470;2416
471;2487
472;2543
473;2599
474;2625
475;2652
476;2666
477;2680
478;2630
479;2580
480;2563
481;2547
482;2482
483;2418
484;2355
485;2293
486;2203
487;2114
488;2067
489;2021
490;1919
491;1818
492;1782
493;1747
494;1674
495;1602
496;1577
497;1552
498;1525
499;1499
500;1469
501;1439
502;1436
503;1433
504;1408
505;1383
506;1357
507;1331
508;1310
509;1289
510;1270
511;1251
512;1251
513;1252
514;1241
515;1231
516;1237
517;1244
518;1229
519;1215
520;1205
521;1195
522;1202
523;1210
524;1215
525;1219
526;1237
527;1254
528;1260
529;1267
530;1288
531;1310
532;1290
533;1270
534;1288
535;1307
536;1320
537;1333
538;1347
539;1362
540;1372
541;1383
542;1421
543;1458
544;1461
545;1465
546;1482
547;1499
548;1539
549;1579
550;1604
551;1629
552;1676
553;1723
554;1755
555;1787
556;1808
557;1829
558;1857
559;1886
560;1927
561;1968
562;2017
563;2067
564;2115
565;2163
566;2163
567;2163
568;2178
569;2194
570;2229
571;2264
572;2298
573;2331
574;2344
575;2357
576;2346
577;2335
578;2326
579;2317
580;2342
581;2368
582;2364
583;2360
584;2378
585;2396
586;2384
587;2373
588;2399
589;2426
590;2381
591;2337
592;2361
593;2386
594;2376
595;2366
596;2347
597;2329
598;2319
599;2309
600;2292
601;2274
602;2270
603;2266
604;2273
605;2281
606;2266
607;2251
608;2241
609;2232
610;2201
611;2170
612;2182
613;2195
614;2185
615;2175
616;2183
617;2191
618;2153
619;2116
620;2123
621;2131
622;2129
623;2128
624;2118
625;2107
626;2107
627;2106
628;2093
629;2079
630;2093
631;2106
632;2114
633;2122
634;2100
635;2078
636;2080
637;2082
638;2044
639;2006
640;2031
641;2057
642;2041
643;2025
644;2034
645;2042
646;2030
647;2017
648;2024
649;2030
650;2013
651;1996
652;2005
653;2014
654;2023
655;2032
656;2034
657;2037
658;2031
659;2025
660;2012
661;1999
662;1993
663;1987
664;2014
665;2042
666;2039
667;2036
668;2056
669;2076
670;2041
671;2006
672;1997
673;1988
674;1996
675;2005
676;2026
677;2048
678;2027
679;2006
680;2035
681;2064
682;2046
683;2028
684;2039
685;2049
686;2050
687;2051
688;2030
689;2010
690;2031
691;2053
692;2069
693;2086
694;2088
695;2090
696;2099
697;2109
698;2090
699;2070
700;2087
701;2103
702;2094
703;2085
704;2109
705;2133
706;2149
707;2166
708;2156
709;2147
710;2163
711;2179
712;2178
713;2176
714;2190
715;2204
716;2231
717;2259
718;2234
719;2208
720;2225
721;2243
722;2243
723;2243
724;2260
725;2278
726;2299
727;2320
728;2307
729;2294
730;2314
731;2334
732;2314
733;2295
734;2309
735;2323
736;2320
737;2317
738;2342
739;2367
740;2374
741;2382
742;2354
743;2326
744;2338
745;2350
746;2342
747;2334
748;2349
749;2365
750;2310
751;2256
752;2241
753;2225
754;2218
755;2210
756;2174
757;2139
758;2111
759;2084
760;2061
761;2037
762;1996
763;1955
764;1918
765;1882
766;1858
767;1835
768;1821
769;1807
770;1756
771;1705
772;1655
773;1606
774;1573
775;1541
776;1529
777;1518
778;1466
779;1414
780;1419
781;1424
782;1397
783;1371
784;1374
785;1376
786;1329
787;1282
788;1273
789;1265
790;1248
791;1232
792;1244
793;1257
794;1236
795;1215
796;1222
797;1229
798;1211
799;1194
800;1185
801;1175
802;1195
803;1214
804;1221
805;1228
806;1213
807;1198
808;1205
809;1212
810;1205
811;1199
812;1219
813;1239
814;1244
815;1250
816;1241
817;1232
818;1254
819;1275
820;1318
821;1361
822;1371
823;1382
824;1414
825;1446
826;1489
827;1532
828;1560
829;1588
830;1658
831;1729
832;1774
833;1820
834;1880
835;1940
836;2013
837;2087
838;2150
839;2214
840;2285
841;2356
842;2421
843;2486
844;2510
845;2535
846;2524
847;2513
848;2482
849;2451
850;2460
851;2469
852;2420
853;2371
854;2321
855;2270
856;2216
857;2162
858;2126
859;2091
860;2086
861;2081
862;2048
863;2015
864;2010
865;2005
866;2044
867;2083
868;2137
869;2191
870;2289
871;2388
872;2475
873;2561
874;2697
875;2832
876;2935
877;3038
878;3140
879;3241
880;3336
881;3432
882;3440
883;3448
884;3443
885;3439
886;3354
887;3270
888;3187
889;3104
890;2955
891;2807
892;2648
893;2490
894;2406
895;2322
896;2257
897;2193
898;2156
899;2119
900;2086
901;2053
902;2054
903;2056
904;2077
905;2099
906;2118
907;2137
908;2185
909;2234
910;2229
911;2224
912;2233
913;2243
914;2246
915;2249
916;2280
917;2312
918;2253
919;2195
920;2128
921;2061
922;2000
923;1940
924;1864
925;1787
926;1699
927;1611
928;1569
929;1527
930;1479
931;1432
932;1399
933;1366
934;1324
935;1282
936;1258
937;1235
938;1244
939;1253
940;1234
941;1214
942;1216
943;1219
944;1249
945;1280
946;1286
947;1293
948;1333
949;1373
950;1428
951;1484
952;1523
953;1562
954;1644
955;1727
956;1829
957;1931
958;2027
959;2122
960;2186
961;2250
962;2345
963;2440
964;2467
965;2494
966;2474
967;2455
968;2381
969;2308
970;2291
971;2274
972;2216
973;2159
974;2134
975;2110
976;2150
977;2191
978;2254
979;2318
980;2419
981;2521
982;2661
983;2801
984;2928
985;3055
986;3159
987;3262
988;3303
989;3344
990;3255
991;3166
992;3055
993;2944
994;2769
995;2594
996;2456
997;2318
998;2226
999;2134
1000;2099
1001;2065
1002;2052
1003;2040
1004;2060
1005;2080
1006;2100
1007;2121
1008;2170
1009;2219
1010;2198
1011;2177
1012;2153
1013;2129
1014;2097
1015;2065
1016;1946
1017;1827
1018;1742
1019;1657
1020;1568
1021;1480
1022;1431
1023;1383
1024;1352
1025;1321
1026;1271
1027;1222
1028;1223
1029;1224
1030;1221
1031;1219
1032;1238
1033;1258
1034;1289
1035;1320
1036;1366
1037;1413
1038;1482
1039;1551
1040;1649
1041;1747
1042;1848
1043;1949
1044;2030
1045;2111
1046;2202
1047;2294
1048;2315
1049;2336
1050;2309
1051;2282
1052;2244
1053;2206
1054;2176
1055;2146
1056;2149
1057;2151
1058;2185
1059;2220
1060;2340
1061;2460
1062;2578
1063;2696
1064;2826
1065;2956
1066;3020
1067;3084
1068;3037
1069;2990
1070;2867
1071;2744
1072;2617
1073;2489
1074;2343
1075;2197
1076;2127
1077;2058
1078;2031
1079;2004
1080;2026
1081;2049
1082;2051
1083;2054
1084;2060
1085;2066
1086;2041
1087;2015
1088;1962
1089;1910
1090;1815
1091;1720
1092;1649
1093;1579
1094;1496
1095;1413
1096;1342
1097;1271
1098;1251
1099;1232
1100;1243
1101;1254
1102;1255
1103;1255
1104;1311
1105;1366
1106;1402
1107;1437
1108;1524
1109;1611
1110;1708
1111;1805
1112;1881
1113;1958
1114;2042
1115;2126
1116;2196
1117;2267
1118;2282
1119;2298
1120;2276
1121;2255
1122;2219
1123;2183
1124;2189
1125;2194
1126;2273
1127;2352
1128;2490
1129;2629
1130;2737
1131;2846
1132;2856
1133;2865
1134;2822
1135;2780
1136;2673
1137;2567
1138;2425
1139;2284
1140;2189
1141;2094
1142;2023
1143;1953
1144;1981
1145;2010
1146;2026
1147;2043
1148;2047
1149;2052
1150;1981
1151;1910
1152;1859
1153;1809
1154;1689
1155;1569
1156;1491
1157;1414
1158;1339
1159;1265
1160;1257
1161;1248
1162;1258
1163;1269
1164;1296
1165;1323
1166;1374
1167;1425
1168;1527
1169;1629
1170;1707
1171;1785
1172;1884
1173;1983
1174;2060
1175;2136
1176;2167
1177;2198
1178;2234
1179;2270
1180;2256
1181;2243
1182;2252
1183;2262
1184;2353
1185;2445
1186;2520
1187;2594
1188;2652
1189;2709
1190;2725
1191;2741
1192;2711
1193;2681
1194;2546
1195;2412
1196;2296
1197;2180
1198;2121
1199;2062
1200;2023
1201;1984
1202;1946
1203;1907
1204;1909
1205;1910
1206;1853
1207;1797
1208;1742
1209;1688
1210;1576
1211;1464
1212;1419
1213;1374
1214;1349
1215;1324
1216;1308
1217;1293
1218;1326
1219;1359
1220;1422
1221;1484
1222;1564
1223;1644
1224;1712
1225;1781
1226;1874
1227;1967
1228;2027
1229;2087
1230;2135
1231;2184
1232;2210
1233;2236
1234;2243
1235;2249
1236;2297
1237;2346
1238;2405
1239;2464
1240;2546
1241;2628
1242;2642
1243;2656
1244;2603
1245;2550
1246;2438
1247;2326
1248;2208
1249;2090
1250;2037
1251;1983
1252;1940
1253;1896
1254;1873
1255;1851
1256;1805
1257;1759
1258;1712
1259;1666
1260;1579
1261;1493
1262;1431
1263;1369
1264;1344
1265;1319
1266;1331
1267;1343
1268;1380
1269;1418
1270;1490
1271;1562
1272;1620
1273;1678
1274;1768
1275;1858
1276;1965
1277;2073
1278;2108
1279;2143
1280;2172
1281;2201
1282;2216
1283;2231
1284;2274
1285;2316
1286;2364
1287;2412
1288;2466
1289;2520
1290;2513
1291;2506
1292;2468
1293;2431
1294;2301
1295;2172
1296;2090
1297;2009
1298;1950
1299;1891
1300;1865
1301;1840
1302;1775
1303;1710
1304;1677
1305;1645
1306;1599
1307;1553
1308;1471
1309;1390
1310;1371
1311;1352
1312;1359
1313;1367
1314;1402
1315;1437
1316;1513
1317;1589
1318;1664
1319;1739
1320;1823
1321;1908
1322;1974
1323;2041
1324;2109
1325;2177
1326;2214
1327;2251
1328;2286
1329;2322
1330;2348
1331;2373
1332;2401
1333;2429
1334;2426
1335;2424
1336;2376
1337;2328
1338;2209
1339;2089
1340;2033
1341;1977
1342;1890
1343;1802
1344;1784
1345;1767
1346;1718
1347;1669
1348;1607
1349;1545
1350;1502
1351;1460
1352;1423
1353;1386
1354;1384
1355;1382
1356;1415
1357;1448
1358;1494
1359;1539
1360;1628
1361;1718
1362;1780
1363;1842
1364;1913
1365;1984
1366;2041
1367;2097
1368;2097
