# Strom: 2.65 A
# Magnetfeld: -280 mT
# Schnitt bei (663,461)
# Mittelung: 1 Pixel
# Magnetfeldsensor kalibriertPixel ; Red Value
1;1881
2;1760
3;1639
4;1531
5;1424
6;1331
7;1239
8;1184
9;1130
10;1105
11;1080
12;1054
13;1029
14;1022
15;1016
16;995
17;974
18;980
19;986
20;971
21;956
22;956
23;957
24;958
25;959
26;938
27;917
28;929
29;941
30;944
31;948
32;951
33;954
34;953
35;952
36;955
37;958
38;961
39;965
40;973
41;981
42;995
43;1009
44;1027
45;1045
46;1060
47;1076
48;1096
49;1117
50;1106
51;1094
52;1118
53;1142
54;1156
55;1170
56;1206
57;1242
58;1306
59;1371
60;1452
61;1533
62;1694
63;1856
64;1952
65;2048
66;2061
67;2075
68;1974
69;1873
70;1749
71;1626
72;1526
73;1426
74;1333
75;1241
76;1211
77;1182
78;1130
79;1079
80;1040
81;1001
82;1018
83;1034
84;1019
85;1003
86;997
87;991
88;958
89;926
90;935
91;945
92;956
93;967
94;957
95;947
96;960
97;972
98;965
99;958
100;953
101;948
102;955
103;963
104;960
105;958
106;956
107;954
108;954
109;955
110;954
111;954
112;950
113;947
114;969
115;991
116;1019
117;1046
118;1034
119;1022
120;1033
121;1044
122;1053
123;1061
124;1075
125;1089
126;1090
127;1091
128;1097
129;1102
130;1125
131;1148
132;1184
133;1221
134;1231
135;1242
136;1288
137;1333
138;1376
139;1418
140;1501
141;1585
142;1687
143;1790
144;1919
145;2048
146;2101
147;2154
148;2129
149;2104
150;2014
151;1924
152;1833
153;1742
154;1650
155;1557
156;1472
157;1386
158;1323
159;1261
160;1218
161;1175
162;1147
163;1119
164;1113
165;1107
166;1082
167;1057
168;1053
169;1050
170;1043
171;1035
172;1014
173;993
174;1009
175;1025
176;1011
177;996
178;999
179;1001
180;1003
181;1005
182;1002
183;1000
184;1001
185;1001
186;988
187;976
188;967
189;959
190;989
191;1020
192;992
193;964
194;981
195;997
196;980
197;963
198;977
199;992
200;993
201;994
202;990
203;985
204;986
205;987
206;1002
207;1018
208;1006
209;994
210;1016
211;1039
212;1021
213;1003
214;1042
215;1080
216;1070
217;1061
218;1069
219;1078
220;1083
221;1089
222;1095
223;1102
224;1109
225;1116
226;1118
227;1121
228;1134
229;1147
230;1143
231;1140
232;1169
233;1199
234;1205
235;1211
236;1221
237;1231
238;1260
239;1289
240;1307
241;1326
242;1340
243;1355
244;1406
245;1457
246;1512
247;1567
248;1628
249;1689
250;1759
251;1829
252;1921
253;2014
254;2090
255;2166
256;2213
257;2260
258;2279
259;2298
260;2241
261;2183
262;2148
263;2113
264;2022
265;1931
266;1873
267;1815
268;1721
269;1627
270;1541
271;1455
272;1434
273;1414
274;1385
275;1357
276;1320
277;1284
278;1261
279;1239
280;1223
281;1208
282;1207
283;1206
284;1151
285;1095
286;1105
287;1116
288;1113
289;1111
290;1107
291;1104
292;1092
293;1080
294;1089
295;1097
296;1083
297;1070
298;1077
299;1084
300;1072
301;1059
302;1034
303;1009
304;1017
305;1026
306;1027
307;1029
308;1033
309;1036
310;1035
311;1033
312;1038
313;1042
314;1012
315;982
316;979
317;975
318;994
319;1012
320;1010
321;1009
322;1013
323;1018
324;1023
325;1029
326;1038
327;1047
328;1045
329;1044
330;1022
331;1001
332;1019
333;1038
334;1013
335;989
336;999
337;1010
338;1023
339;1035
340;1040
341;1046
342;1017
343;989
344;997
345;1006
346;1004
347;1002
348;1009
349;1017
350;1002
351;988
352;1010
353;1031
354;1023
355;1014
356;1023
357;1031
358;1028
359;1024
360;1030
361;1035
362;1037
363;1039
364;1016
365;993
366;1013
367;1033
368;1051
369;1069
370;1063
371;1057
372;1052
373;1048
374;1050
375;1052
376;1060
377;1068
378;1057
379;1046
380;1058
381;1071
382;1069
383;1068
384;1062
385;1057
386;1049
387;1042
388;1059
389;1075
390;1077
391;1080
392;1091
393;1103
394;1091
395;1080
396;1090
397;1101
398;1077
399;1053
400;1083
401;1113
402;1107
403;1101
404;1099
405;1098
406;1116
407;1135
408;1135
409;1135
410;1130
411;1126
412;1127
413;1128
414;1136
415;1143
416;1142
417;1140
418;1134
419;1127
420;1113
421;1099
422;1135
423;1172
424;1174
425;1176
426;1164
427;1153
428;1155
429;1158
430;1148
431;1138
432;1162
433;1186
434;1168
435;1150
436;1166
437;1183
438;1183
439;1184
440;1182
441;1180
442;1172
443;1164
444;1164
445;1165
446;1184
447;1203
448;1205
449;1208
450;1188
451;1168
452;1180
453;1193
454;1191
455;1188
456;1175
457;1162
458;1165
459;1168
460;1173
461;1178
462;1177
463;1176
464;1190
465;1203
466;1204
467;1204
468;1194
469;1184
470;1187
471;1191
472;1199
473;1207
474;1211
475;1215
476;1216
477;1217
478;1211
479;1204
480;1185
481;1166
482;1180
483;1193
484;1208
485;1222
486;1210
487;1199
488;1191
489;1183
490;1186
491;1190
492;1190
493;1191
494;1201
495;1212
496;1196
497;1180
498;1181
499;1182
500;1172
501;1162
502;1177
503;1191
504;1179
505;1167
506;1174
507;1182
508;1176
509;1171
510;1175
511;1179
512;1167
513;1155
514;1147
515;1140
516;1143
517;1146
518;1119
519;1091
520;1102
521;1113
522;1134
523;1154
524;1145
525;1136
526;1133
527;1131
528;1124
529;1116
530;1132
531;1149
532;1132
533;1116
534;1110
535;1104
536;1105
537;1106
538;1116
539;1126
540;1113
541;1100
542;1103
543;1107
544;1118
545;1130
546;1117
547;1105
548;1107
549;1110
550;1094
551;1078
552;1085
553;1092
554;1092
555;1093
556;1098
557;1103
558;1083
559;1064
560;1088
561;1111
562;1115
563;1120
564;1100
565;1081
566;1086
567;1091
568;1098
569;1105
570;1089
571;1073
572;1087
573;1102
574;1109
575;1117
576;1114
577;1112
578;1098
579;1083
580;1091
581;1100
582;1103
583;1107
584;1099
585;1092
586;1095
587;1098
588;1102
589;1107
590;1103
591;1100
592;1115
593;1131
594;1122
595;1113
596;1104
597;1094
598;1116
599;1138
600;1117
601;1096
602;1116
603;1136
604;1121
605;1107
606;1096
607;1085
608;1101
609;1118
610;1120
611;1123
612;1119
613;1116
614;1097
615;1079
616;1102
617;1126
618;1140
619;1154
620;1142
621;1130
622;1110
623;1090
624;1106
625;1123
626;1144
627;1165
628;1185
629;1204
630;1179
631;1154
632;1159
633;1165
634;1156
635;1148
636;1162
637;1176
638;1196
639;1215
640;1208
641;1201
642;1225
643;1250
644;1260
645;1271
646;1248
647;1226
648;1284
649;1343
650;1342
651;1341
652;1376
653;1412
654;1437
655;1462
656;1482
657;1503
658;1561
659;1620
660;1683
661;1746
662;1828
663;1910
664;1974
665;2038
666;2140
667;2242
668;2322
669;2402
670;2451
671;2500
672;2480
673;2460
674;2421
675;2381
676;2316
677;2250
678;2154
679;2058
680;1953
681;1847
682;1785
683;1723
684;1674
685;1626
686;1580
687;1535
688;1515
689;1496
690;1460
691;1424
692;1416
693;1407
694;1387
695;1368
696;1361
697;1355
698;1333
699;1312
700;1313
701;1314
702;1288
703;1262
704;1278
705;1294
706;1288
707;1282
708;1263
709;1244
710;1229
711;1214
712;1210
713;1205
714;1202
715;1199
716;1192
717;1185
718;1177
719;1170
720;1170
721;1170
722;1151
723;1133
724;1140
725;1146
726;1151
727;1156
728;1147
729;1138
730;1146
731;1154
732;1166
733;1179
734;1157
735;1135
736;1126
737;1118
738;1144
739;1170
740;1148
741;1127
742;1122
743;1117
744;1138
745;1159
746;1169
747;1180
748;1160
749;1140
750;1142
751;1143
752;1157
753;1172
754;1170
755;1168
756;1179
757;1191
758;1172
759;1154
760;1191
761;1228
762;1234
763;1241
764;1243
765;1245
766;1263
767;1282
768;1322
769;1362
770;1391
771;1421
772;1488
773;1556
774;1651
775;1746
776;1831
777;1916
778;2031
779;2146
780;2239
781;2332
782;2368
783;2404
784;2341
785;2277
786;2156
787;2034
788;1916
789;1797
790;1685
791;1574
792;1535
793;1497
794;1488
795;1479
796;1418
797;1357
798;1345
799;1333
800;1338
801;1344
802;1321
803;1298
804;1321
805;1343
806;1300
807;1257
808;1249
809;1241
810;1232
811;1223
812;1210
813;1196
814;1178
815;1159
816;1169
817;1178
818;1172
819;1167
820;1170
821;1173
822;1171
823;1170
824;1176
825;1182
826;1158
827;1135
828;1159
829;1182
830;1174
831;1165
832;1156
833;1148
834;1154
835;1160
836;1176
837;1192
838;1192
839;1192
840;1207
841;1222
842;1226
843;1231
844;1243
845;1254
846;1241
847;1227
848;1266
849;1304
850;1327
851;1349
852;1396
853;1444
854;1498
855;1552
856;1648
857;1744
858;1850
859;1956
860;2074
861;2192
862;2256
863;2320
864;2223
865;2126
866;2035
867;1943
868;1816
869;1689
870;1609
871;1528
872;1474
873;1421
874;1405
875;1390
876;1364
877;1339
878;1335
879;1331
880;1316
881;1302
882;1287
883;1272
884;1257
885;1242
886;1228
887;1214
888;1206
889;1198
890;1191
891;1184
892;1176
893;1169
894;1173
895;1177
896;1173
897;1168
898;1169
899;1170
900;1172
901;1175
902;1167
903;1160
904;1155
905;1150
906;1169
907;1189
908;1181
909;1174
910;1175
911;1176
912;1203
913;1230
914;1245
915;1261
916;1274
917;1287
918;1287
