# Strom: 2.41 A
# Magnetfeld: -257 mT
# Schnitt bei (663,461)
# Mittelung: 1 Pixel
# Magnetfeldsensor kalibriertPixel ; Red Value
1;807
2;797
3;786
4;770
5;754
6;751
7;749
8;742
9;736
10;752
11;768
12;771
13;775
14;782
15;789
16;781
17;774
18;801
19;828
20;870
21;911
22;986
23;1060
24;1225
25;1391
26;1489
27;1588
28;1514
29;1441
30;1384
31;1328
32;1293
33;1259
34;1356
35;1454
36;1590
37;1726
38;1657
39;1589
40;1468
41;1348
42;1214
43;1080
44;1029
45;978
46;944
47;910
48;881
49;852
50;825
51;799
52;807
53;816
54;802
55;788
56;797
57;806
58;814
59;823
60;813
61;803
62;806
63;809
64;848
65;887
66;908
67;929
68;985
69;1041
70;1237
71;1433
72;1671
73;1909
74;1951
75;1992
76;1902
77;1812
78;1692
79;1572
80;1553
81;1534
82;1602
83;1670
84;1911
85;2152
86;2154
87;2156
88;1962
89;1768
90;1557
91;1347
92;1267
93;1187
94;1095
95;1002
96;975
97;948
98;937
99;927
100;912
101;898
102;891
103;885
104;876
105;867
106;864
107;861
108;872
109;884
110;888
111;892
112;900
113;908
114;944
115;981
116;1007
117;1032
118;1061
119;1090
120;1202
121;1315
122;1562
123;1810
124;2057
125;2305
126;2357
127;2410
128;2246
129;2083
130;1950
131;1817
132;1747
133;1677
134;1778
135;1879
136;2115
137;2351
138;2465
139;2580
140;2436
141;2293
142;2037
143;1781
144;1606
145;1430
146;1340
147;1249
148;1157
149;1065
150;1037
151;1009
152;999
153;989
154;968
155;946
156;947
157;947
158;923
159;899
160;908
161;916
162;920
163;925
164;928
165;931
166;911
167;890
168;930
169;970
170;990
171;1009
172;1033
173;1058
174;1094
175;1130
176;1209
177;1289
178;1486
179;1683
180;1939
181;2195
182;2356
183;2517
184;2460
185;2404
186;2210
187;2016
188;1915
189;1815
190;1790
191;1766
192;1835
193;1904
194;2140
195;2376
196;2513
197;2651
198;2554
199;2457
200;2237
201;2017
202;1822
203;1627
204;1492
205;1357
206;1271
207;1184
208;1145
209;1105
210;1064
211;1023
212;1004
213;986
214;961
215;936
216;954
217;972
218;957
219;943
220;953
221;964
222;958
223;952
224;957
225;961
226;939
227;917
228;935
229;953
230;960
231;967
232;981
233;996
234;1014
235;1032
236;1068
237;1104
238;1150
239;1196
240;1289
241;1383
242;1574
243;1765
244;2001
245;2237
246;2403
247;2570
248;2611
249;2653
250;2524
251;2396
252;2194
253;1992
254;1908
255;1825
256;1836
257;1847
258;1902
259;1957
260;2109
261;2262
262;2471
263;2681
264;2695
265;2710
266;2578
267;2446
268;2235
269;2023
270;1823
271;1623
272;1526
273;1429
274;1349
275;1269
276;1223
277;1177
278;1148
279;1119
280;1121
281;1123
282;1097
283;1071
284;1064
285;1056
286;1040
287;1024
288;1025
289;1027
290;1007
291;988
292;972
293;956
294;958
295;961
296;968
297;975
298;969
299;964
300;960
301;956
302;981
303;1007
304;1022
305;1037
306;1033
307;1030
308;1047
309;1064
310;1090
311;1115
312;1154
313;1192
314;1259
315;1326
316;1415
317;1504
318;1683
319;1862
320;2055
321;2247
322;2451
323;2656
324;2744
325;2833
326;2723
327;2614
328;2477
329;2340
330;2208
331;2077
332;2017
333;1957
334;1923
335;1889
336;1912
337;1935
338;2007
339;2079
340;2232
341;2385
342;2542
343;2700
344;2785
345;2870
346;2800
347;2731
348;2599
349;2467
350;2229
351;1991
352;1831
353;1672
354;1604
355;1535
356;1465
357;1394
358;1335
359;1276
360;1249
361;1222
362;1186
363;1150
364;1126
365;1102
366;1085
367;1069
368;1051
369;1033
370;1032
371;1032
372;1017
373;1003
374;1002
375;1001
376;982
377;964
378;976
379;988
380;995
381;1002
382;987
383;972
384;970
385;969
386;968
387;967
388;985
389;1003
390;1001
391;999
392;1004
393;1009
394;998
395;987
396;1003
397;1020
398;1021
399;1021
400;1041
401;1060
402;1082
403;1103
404;1109
405;1115
406;1145
407;1176
408;1207
409;1238
410;1282
411;1325
412;1408
413;1491
414;1570
415;1648
416;1749
417;1850
418;2031
419;2211
420;2366
421;2522
422;2646
423;2771
424;2851
425;2932
426;2874
427;2817
428;2704
429;2591
430;2496
431;2401
432;2281
433;2161
434;2095
435;2030
436;1989
437;1949
438;1943
439;1938
440;1919
441;1900
442;1934
443;1967
444;2021
445;2075
446;2140
447;2206
448;2314
449;2423
450;2540
451;2658
452;2770
453;2882
454;2910
455;2939
456;2934
457;2929
458;2810
459;2691
460;2572
461;2454
462;2333
463;2213
464;2101
465;1990
466;1873
467;1756
468;1695
469;1635
470;1562
471;1489
472;1445
473;1401
474;1373
475;1345
476;1292
477;1239
478;1218
479;1197
480;1171
481;1146
482;1141
483;1137
484;1133
485;1130
486;1111
487;1092
488;1080
489;1069
490;1054
491;1040
492;1037
493;1033
494;1026
495;1019
496;1003
497;987
498;993
499;999
500;1006
501;1013
502;1008
503;1003
504;975
505;946
506;959
507;971
508;962
509;952
510;958
511;963
512;963
513;962
514;954
515;947
516;968
517;989
518;978
519;967
520;960
521;953
522;964
523;976
524;971
525;966
526;966
527;966
528;965
529;965
530;961
531;957
532;964
533;971
534;967
535;963
536;956
537;949
538;948
539;947
540;966
541;985
542;990
543;995
544;1001
545;1008
546;1003
547;999
548;990
549;982
550;993
551;1004
552;1025
553;1047
554;1030
555;1013
556;1007
557;1000
558;1008
559;1015
560;1044
561;1073
562;1071
563;1069
564;1079
565;1090
566;1086
567;1082
568;1091
569;1101
570;1122
571;1143
572;1149
573;1154
574;1146
575;1137
576;1149
577;1161
578;1179
579;1197
580;1203
581;1210
582;1216
583;1222
584;1241
585;1260
586;1272
587;1285
588;1317
589;1348
590;1368
591;1387
592;1409
593;1432
594;1425
595;1418
596;1444
597;1470
598;1475
599;1479
600;1520
601;1560
602;1576
603;1593
604;1640
605;1687
606;1706
607;1726
608;1763
609;1800
610;1810
611;1821
612;1876
613;1930
614;1941
615;1952
616;1997
617;2043
618;2057
619;2071
620;2107
621;2143
622;2170
623;2197
624;2234
625;2271
626;2285
627;2299
628;2325
629;2351
630;2361
631;2371
632;2365
633;2360
634;2414
635;2468
636;2505
637;2542
638;2523
639;2503
640;2554
641;2605
642;2600
643;2594
644;2618
645;2641
646;2643
647;2644
648;2646
649;2649
650;2638
651;2628
652;2629
653;2631
654;2639
655;2648
656;2676
657;2704
658;2671
659;2639
660;2685
661;2731
662;2701
663;2670
664;2654
665;2638
666;2663
667;2688
668;2685
669;2683
670;2659
671;2636
672;2631
673;2627
674;2624
675;2622
676;2612
677;2602
678;2589
679;2576
680;2559
681;2542
682;2534
683;2527
684;2520
685;2513
686;2494
687;2476
688;2440
689;2405
690;2395
691;2385
692;2365
693;2346
694;2339
695;2332
696;2280
697;2227
698;2201
699;2176
700;2160
701;2144
702;2128
703;2112
704;2079
705;2046
706;2014
707;1982
708;1928
709;1874
710;1864
711;1854
712;1839
713;1824
714;1782
715;1741
716;1723
717;1704
718;1673
719;1642
720;1600
721;1558
722;1544
723;1531
724;1507
725;1484
726;1474
727;1464
728;1444
729;1425
730;1399
731;1373
732;1344
733;1316
734;1313
735;1310
736;1287
737;1264
738;1252
739;1241
740;1221
741;1202
742;1195
743;1188
744;1186
745;1185
746;1154
747;1123
748;1114
749;1105
750;1092
751;1079
752;1069
753;1060
754;1058
755;1056
756;1041
757;1025
758;1021
759;1017
760;1032
761;1047
762;1034
763;1022
764;1013
765;1005
766;984
767;962
768;980
769;998
770;981
771;964
772;974
773;984
774;973
775;961
776;954
777;948
778;950
779;952
780;946
781;940
782;926
783;913
784;924
785;936
786;916
787;896
788;922
789;948
790;925
791;902
792;900
793;897
794;931
795;966
796;931
797;897
798;913
799;930
800;912
801;894
802;910
803;926
804;924
805;922
806;926
807;930
808;923
809;916
810;914
811;912
812;931
813;951
814;926
815;900
816;927
817;953
818;934
819;916
820;914
821;912
822;916
823;921
824;925
825;929
826;962
827;994
828;978
829;963
830;980
831;998
832;986
833;974
834;972
835;971
836;978
837;985
838;1010
839;1036
840;1041
841;1046
842;1064
843;1083
844;1109
845;1134
846;1170
847;1205
848;1231
849;1257
850;1295
851;1333
852;1393
853;1454
854;1542
855;1631
856;1739
857;1847
858;1964
859;2081
860;2155
861;2229
862;2300
863;2372
864;2436
865;2501
866;2510
867;2518
868;2530
869;2543
870;2486
871;2430
872;2363
873;2296
874;2219
875;2142
876;2078
877;2014
878;1972
879;1930
880;1898
881;1866
882;1846
883;1825
884;1871
885;1917
886;1964
887;2011
888;2051
889;2091
890;2176
891;2261
892;2326
893;2391
894;2431
895;2470
896;2505
897;2539
898;2457
899;2376
900;2359
901;2343
902;2237
903;2131
904;2022
905;1913
906;1804
907;1695
908;1606
909;1518
910;1444
911;1371
912;1311
913;1251
914;1221
915;1192
916;1156
917;1121
918;1078
919;1035
920;1042
921;1050
922;1027
923;1005
924;984
925;963
926;949
927;936
928;931
929;927
930;926
931;924
932;925
933;926
934;930
935;935
936;900
937;865
938;888
939;911
940;915
941;918
942;930
943;942
944;918
945;895
946;892
947;890
948;892
949;895
950;919
951;944
952;946
953;948
954;940
955;932
956;967
957;1003
958;1004
959;1006
960;1027
961;1048
962;1070
963;1093
964;1164
965;1234
966;1312
967;1391
968;1491
969;1591
970;1706
971;1821
972;1922
973;2023
974;2087
975;2152
976;2182
977;2212
978;2190
979;2169
980;2121
981;2073
982;2039
983;2005
984;1936
985;1867
986;1866
987;1865
988;1875
989;1886
990;1931
991;1977
992;2044
993;2112
994;2129
995;2147
996;2158
997;2169
998;2154
999;2140
1000;2066
1001;1992
1002;1900
1003;1809
1004;1697
1005;1586
1006;1497
1007;1408
1008;1341
1009;1274
1010;1222
1011;1171
1012;1108
1013;1045
1014;1036
1015;1027
1016;988
1017;950
1018;939
1019;927
1020;912
1021;898
1022;905
1023;912
1024;911
1025;910
1026;895
1027;880
1028;883
1029;886
1030;898
1031;910
1032;909
1033;907
1034;905
1035;903
1036;907
1037;911
1038;915
1039;918
1040;938
1041;958
1042;996
1043;1033
1044;1066
1045;1100
1046;1162
1047;1224
1048;1334
1049;1444
1050;1539
1051;1635
1052;1713
1053;1792
1054;1862
1055;1932
1056;1985
1057;2038
1058;2063
1059;2088
1060;2033
1061;1977
1062;1967
1063;1956
1064;1945
1065;1935
1066;1932
1067;1930
1068;1962
1069;1995
1070;2046
1071;2096
1072;2092
1073;2087
1074;2042
1075;1998
1076;1943
1077;1889
1078;1817
1079;1746
1080;1612
1081;1479
1082;1401
1083;1323
1084;1222
1085;1121
1086;1075
1087;1029
1088;1018
1089;1007
1090;961
1091;916
1092;910
1093;904
1094;893
1095;882
1096;887
1097;891
1098;895
1099;899
1100;882
1101;865
1102;857
1103;849
1104;858
1105;868
1106;874
1107;881
1108;914
1109;948
1110;978
1111;1008
1112;1060
1113;1113
1114;1184
1115;1255
1116;1349
1117;1443
1118;1538
1119;1633
1120;1712
1121;1792
1122;1834
1123;1876
1124;1919
1125;1963
1126;1993
1127;2023
1128;2006
1129;1990
1130;1969
1131;1949
1132;1960
1133;1971
1134;1971
1135;1972
1136;1958
1137;1944
1138;1921
1139;1899
1140;1830
1141;1762
1142;1682
1143;1603
1144;1497
1145;1392
1146;1315
1147;1238
1148;1170
1149;1103
1150;1047
1151;991
1152;955
1153;919
1154;907
1155;895
1156;887
1157;880
1158;872
1159;863
1160;878
1161;893
1162;870
1163;847
1164;855
1165;863
1166;880
1167;897
1168;918
1169;938
1170;993
1171;1048
1172;1090
1173;1132
1174;1237
1175;1343
1176;1441
1177;1540
1178;1594
1179;1648
1180;1706
1181;1765
1182;1820
1183;1874
1184;1874
1185;1875
1186;1907
1187;1939
1188;1939
1189;1939
1190;1939
1191;1939
1192;1915
1193;1892
1194;1856
1195;1820
1196;1776
1197;1731
1198;1651
1199;1571
1200;1481
1201;1392
1202;1285
1203;1179
1204;1133
1205;1087
1206;1030
1207;973
1208;929
1209;886
1210;892
1211;898
1212;876
1213;855
1214;860
1215;866
1216;866
1217;866
1218;869
1219;873
1220;900
1221;928
1222;958
1223;989
1224;1065
1225;1140
1226;1245
1227;1350
1228;1406
1229;1463
1230;1527
1231;1592
1232;1655
1233;1718
1234;1757
1235;1795
1236;1825
1237;1854
1238;1883
1239;1912
1240;1901
1241;1890
1242;1868
1243;1847
1244;1804
1245;1761
1246;1733
1247;1704
1248;1639
1249;1574
1250;1498
1251;1423
1252;1327
1253;1231
1254;1150
1255;1069
1256;1019
1257;969
1258;934
1259;899
1260;887
1261;875
1262;865
1263;855
1264;854
1265;854
1266;885
1267;917
1268;900
1269;884
1270;917
1271;950
1272;1005
1273;1060
1274;1171
1275;1283
1276;1347
1277;1411
1278;1467
1279;1522
1280;1556
1281;1590
1282;1679
1283;1768
1284;1809
1285;1851
1286;1828
1287;1804
1288;1805
1289;1806
1290;1783
1291;1760
1292;1697
1293;1635
1294;1579
1295;1524
1296;1449
1297;1375
1298;1307
1299;1239
1300;1163
1301;1088
1302;1030
1303;972
1304;944
1305;917
1306;896
1307;874
1308;859
1309;845
1310;864
1311;883
1312;893
1313;902
1314;913
1315;924
1316;999
1317;1074
1318;1148
1319;1222
1320;1289
1321;1356
1322;1416
1323;1477
1324;1536
1325;1596
1326;1654
1327;1713
1328;1713
1329;1714
1330;1727
1331;1741
1332;1739
1333;1736
1334;1699
1335;1662
1336;1582
1337;1503
1338;1481
1339;1460
1340;1401
1341;1342
1342;1253
1343;1165
1344;1091
1345;1018
1346;970
1347;922
1348;912
1349;901
1350;874
1351;848
1352;861
1353;875
1354;870
1355;866
1356;921
1357;976
1358;1034
1359;1093
1360;1155
1361;1216
1362;1279
1363;1342
1364;1390
1365;1438
1366;1492
1367;1546
1368;1546
